1 0.462150003125 0.542084709375 0.47341886874999994 0.5646220515625 0.5212802 0.3943814375 0.5075729375 0.214725775 0.41987204843750003 0.274680890625 0.43808876249999995 0.3069133625 0.4317263984375 0.406874109375 0.462150003125 0.542084709375
1 0.24148004687500002 0.16121628125 0.20953979375 0.22772972500000002 0.22633971874999997 0.23779651093749998 0.239442690625 0.26801446875 0.2421495515625 0.30166634531250003 0.2504225515625 0.3630277625 0.2698445421875 0.2568601484375 0.2769524796875 0.20527126562500003 0.28714628124999997 0.175628796875 0.256498071875 0.1574006203125 0.24148004687500002 0.16121628125
1 0 0.1553491625 0.0399513484375 0.13971241406249998 0.07536357187500001 0.1326937078125 0.11837645156250001 0.1328511078125 0.137623675 0.14031512031249999 0.1692169171875 0.14277845625000002 0.2421210515625 0.1259453984375 0.17848070625 0.11583104687500001 0.14908061718750001 0.11186898906250001 0.1273379203125 0.1157314984375 0.0777455765625 0.120070265625 0.046776396875 0.12473998906249999 0.010437795312500001 0.1344534359375 0 0.139206290625 0 0.1553491625
1 0 0.3614732375 0.0130205765625 0.3499409359375 0.0627636921875 0.32075889218750003 0.0770191984375 0.3110171921875 0.09532061562500001 0.294387290625 0.103469175 0.281259340625 0.1485423171875 0.2518324421875 0.211100325 0.209725734375 0.2454159703125 0.2034563890625 0.300718134375 0.197964653125 0.35225805 0.2026034203125 0.3980314109375 0.2077466984375 0.3973506171875 0.19996518125 0.3466236140625 0.1913347515625 0.2998104078125 0.18758929687499998 0.261524234375 0.1883252078125 0.21803883906250002 0.196050228125 0.18355299687499999 0.20037419375 0.143414065625 0.20649958906250002 0.1126150859375 0.21311469062500002 0.0925372203125 0.2183602671875 0 0.2816216546875 0 0.3614732375
1 0.9783576093749999 0.2380038796875 0.9209369031250001 0.1927139453125 0.90809894375 0.178808384375 0.8752389265625 0.17514903125 0.8272343281250001 0.15778591875 0.6680961578125 0.1586402390625 0.718066978125 0.17191078906249999 0.7346671859375 0.17568584375000001 0.7939966078125 0.1763760015625 0.8129601671875 0.180597715625 0.8224516625 0.1961029 0.8473900546875001 0.21548404375 0.8756181796875 0.23261710156249998 0.906776984375 0.256681415625 0.925967478125 0.26349696875 0.9441748578125001 0.272358803125 0.98357251875 0.3103222015625 0.9783576093749999 0.2380038796875
1 0.7166782125 0 0.7035360875000001 0.0058219375 0.67589471875 0.021962134375 0.6355669374999999 0.0392122484375 0.595012225 0.053868521875 0.561736425 0.05874004687499999 0.5483505640625 0.06513854531249999 0.5504683328125 0.0760614609375 0.5589984890624999 0.10533508124999999 0.62825071875 0.07513719375 0.6746473703125 0.047554771875 0.6998686515625 0.030319459375000003 0.72790715 0.0187184828125 0.785402465625 0.011728025 0.833304796875 0 0.7166782125 0
1 0.4058848015625 0.0847934421875 0.4093066546875 0.0707721796875 0.42363754531250003 0.0486088421875 0.4369285921875 0.0278433265625 0.42559790937499997 0.0045994203125 0.3676408875 0.009670003125 0.329873153125 0.0129742515625 0.341109025 0.021851140625 0.3783374734375 0.0754419015625 0.37947213125 0.0884110984375 0.39110004531250003 0.10176909999999999 0.3995322703125 0.09188345 0.4058848015625 0.0847934421875
1 0 0.0534011875 0.0067493843750000004 0.0524447921875 0.02975885625 0.0497783 0.106028884375 0.058134273437499995 0.13633669843750001 0.072471690625 0.18740409687499998 0.0849928796875 0.22088817500000002 0.09578529062499999 0.3023768546875 0.12394081562499999 0.3722376140625 0.1387383359375 0.34735595468749997 0.12000565468749999 0.313077615625 0.100134803125 0.284168696875 0.0752202265625 0.246241575 0.0667768 0.2136838734375 0.053289646875 0.1864769421875 0.047828865625 0.152747278125 0.0475127125 0.12450049999999999 0.0434497515625 0.0442412953125 0.0426304421875 0.0346096359375 0.0388064625 0 0.0418344125 0 0.0534011875
1 0.5877175625 0.3434827125 0.6184030796875 0.335570690625 0.628025915625 0.299443940625 0.6332243625 0.25259607968750003 0.6227303281250001 0.2123485203125 0.6099110234375 0.1853728609375 0.5862588359375 0.1939763921875 0.588319871875 0.20425084999999998 0.5778833437500001 0.2045105015625 0.54235765625 0.21023229062499998 0.5338687015625 0.21946948281249998 0.507289228125 0.21148295312499998 0.505471153125 0.2402497984375 0.52940778125 0.274747321875 0.5382006031250001 0.335399840625 0.5438163828125 0.3597386109375 0.5389389062500001 0.3836885734375 0.5478071124999999 0.4319194546875 0.5754477062500001 0.3759205046875 0.5880960390625 0.36109202812499996 0.5877175625 0.3434827125
1 0 0.44383741250000003 0.041248931249999995 0.41563833125 0.051585646875 0.4053409015625 0.07656134375 0.3985818484375 0.2391205921875 0.3438475109375 0.2516935390625 0.3414406734375 0.275345728125 0.3328371421875 0.30954790625 0.3252708765625 0.352674253125 0.326725196875 0.39310101875000003 0.3338800359375 0.4351460421875 0.3528344390625 0.4379819109375 0.3453986765625 0.437660165625 0.3284378171875 0.42348004375 0.325757878125 0.3973532890625 0.3227247890625 0.352924090625 0.3128877421875 0.30103952343749996 0.30771940937500003 0.25029387187499996 0.312159078125 0.183943309375 0.3335534015625 0.1048967734375 0.346350834375 0.052473709375 0.36466135624999996 0.038695540625000004 0.3864529390625 0.0058928203125 0.4099089546875 0 0.4119421859375 0 0.44383741250000003
1 0.8030445234375 0.1213114953125 0.778257678125 0.11694583124999999 0.7630944453125 0.11631217187500001 0.7507658703125 0.119466309375 0.7547189546874999 0.12684628125 0.7604668546875 0.1394118703125 0.7775776578125 0.149023065625 0.7968248828125 0.1564870796875 0.82737828125 0.1603482359375 0.8583288078125 0.1687486125 0.849706959375 0.14990022812499998 0.839232353125 0.13644132343749998 0.826734790625 0.126426521875 0.8030445234375 0.1213114953125
1 0.43716381093749995 0.2696312609375 0.4441590578125 0.2566042125 0.4977778875 0.2185885828125 0.5197094359375 0.20360135625 0.5425860171875 0.1728492875 0.5640256234375001 0.138955821875 0.5550447234375 0.1292867765625 0.56723919375 0.109270621875 0.5531717609375 0.068028846875 0.5084009390625 0.087627946875 0.49645205312499996 0.09716784218749999 0.471079225 0.0993876765625 0.4370658984375 0.0958292234375 0.40802148125000004 0.094532421875 0.3936372359375 0.1042027015625 0.396095403125 0.11901637812500002 0.3988372328125 0.1370723515625 0.3941866875 0.163616153125 0.3966262015625 0.191499928125 0.3957379015625 0.20791322656250003 0.40891625937500004 0.22570954531249998 0.40874683593750005 0.263622921875 0.40581692968749994 0.2965504203125 0.43716381093749995 0.2696312609375
1 0.43611879218749994 0.45595652500000006 0.43743016562500003 0.444988428125 0.430447325 0.4430456140625 0.42348270781249997 0.42833253750000005 0.42460956093749996 0.4282339515625 0.41465240625 0.4182517234375 0.3829714453125 0.4325152484375 0.36797155 0.44276563593749996 0.37109393125 0.46547606249999995 0.375472253125 0.476584809375 0.38227057656249996 0.489397134375 0.394296915625 0.5100517 0.41127411875000003 0.5353805875 0.419864471875 0.55569733125 0.43521518124999997 0.5364781828125 0.43805965 0.517076325 0.44103320625000003 0.4861713703125 0.43611879218749994 0.45595652500000006
4 0.7154222796874999 0 0.691330396875 0.016463521875 0.6477113328125 0.0337128609375 0.5835999546874999 0.059471626562500005 0.547301034375 0.06936395468749999 0.5117148671875 0.0874030796875 0.4954333875 0.0985292546875 0.4663250171875 0.099583334375 0.4734498859375 0.044481040625 0.4671962609375 0.0018556671875 0.43620864218750005 0.0284314375 0.4223450203125 0.006509453125 0.3313922359375 0.0137205046875 0.359464759375 0.0463399625 0.3768699546875 0.07840011718749999 0.3807355078125 0.092241378125 0.3961968328125 0.10208299218750001 0.3920942859375 0.1158750828125 0.3970400609375 0.1572344546875 0.33454680625 0.11046181875000001 0.277041934375 0.075193346875 0.2278726296875 0.05934535625 0.194963503125 0.0472987921875 0.136617171875 0.0479257140625 0.109689665625 0.04356498125 0.0178945390625 0.0411479984375 0 0.0427135671875 0 0.05179966875000001 0.013338421875000001 0.0497557625 0.050738870312499997 0.052453942187500005 0.105522325 0.0566164546875 0.1390146125 0.07532858125 0.1983976734375 0.08655155 0.24512693125 0.104851878125 0.309563171875 0.1283196296875 0.2681462765625 0.12522655625 0.244306775 0.12581966718749998 0.17840242343749999 0.115913525 0.1502224953125 0.112408653125 0.11729206406249999 0.11528969375 0.07388869218750001 0.11983328281250001 0.042469867187499996 0.124820934375 0 0.13925490000000001 0 0.1539752390625 0.035927271875 0.1410653640625 0.0697861453125 0.133625375 0.12022917343749999 0.133689903125 0.1368781234375 0.1419350390625 0.1741489796875 0.143151984375 0.074537534375 0.17276288906249998 0.027485184375 0.196282896875 0 0.2085898140625 0 0.23457241875 0.0040566453125 0.23191554218750002 0.040225975000000004 0.22054198125000002 0.06389239375 0.20279941093749998 0.153354875 0.1785541453125 0.200774696875 0.1744054484375 0.2315600421875 0.164724896875 0.2289333203125 0.19283792187499998 0.14119813125 0.206484053125 0.089092603125 0.217759278125 0.0529667671875 0.24480106250000003 0 0.28397418281250003 0 0.35715541875 0.001510965625 0.35452932187499997 0.04988053125 0.33089407187500003 0.0722945296875 0.3140073625 0.0913400359375 0.304131940625 0.1025683359375 0.2807609828125 0.1494262984375 0.25501911875 0.1795492109375 0.23521910625000003 0.21468180937499998 0.2119956546875 0.214984484375 0.23062634843750002 0.23320983593750003 0.24171871562499997 0.23750765468749999 0.27567190468749997 0.24502306875 0.31606017343750004 0.17255481718750001 0.33732606249999997 0.1187432984375 0.344272821875 0.0527315421875 0.36348126875000003 0.0389983984375 0.3885639453125 0 0.41319529062499993 0 0.442180459375 0.04601675 0.408099665625 0.100238346875 0.39066901249999997 0.1710654015625 0.365815275 0.244526890625 0.34073105312499996 0.25068159687499997 0.36556634374999997 0.257569471875 0.3380974015625 0.303218503125 0.3288796203125 0.3494507 0.3263274 0.395078428125 0.332037221875 0.40635110625 0.3698579125 0.4267147140625 0.40539067656250005 0.44120914375 0.44969391875 0.418535078125 0.418094728125 0.3610745828125 0.44401790312499995 0.3754565703125 0.4718648359375 0.3926025828125 0.50096251875 0.397465528125 0.51103291875 0.3748571421875 0.525697775 0.4005535296875 0.5159867640625 0.41335911875000003 0.5409864625 0.4209606328125 0.567187746875 0.4323064125 0.605844 0.43325704375 0.6318808734375 0.448157396875 0.66565275 0.4497124921875 0.6834275828124999 0.47085276406250004 0.6823243375 0.483354790625 0.6431699156249999 0.5020541296875 0.598995578125 0.52267515 0.5464439609375 0.52694989375 0.5042779000000001 0.5351549875 0.4766937171875 0.5519932875 0.4415898078125 0.57745179375 0.4139887203125 0.607682996875 0.4105975453125 0.6322352484375 0.4181512328125 0.6572410734374999 0.43088924375 0.67026235 0.4431831953125 0.6734151500000001 0.44887765625 0.6926985359375 0.45689230937499997 0.7329499937499999 0.4921776859375 0.7226501328125 0.51098969375 0.7458416796875 0.5029904000000001 0.773978996875 0.5363504781249999 0.8087024046875 0.5691343468750001 0.8649983499999999 0.6209269 0.9123542578125001 0.6615610109375 0.9184858890625 0.61027705 0.9063060703125 0.56208770625 0.864240334375 0.5060650250000001 0.8120904281250001 0.45614860312500005 0.7817509421875 0.4431309375 0.767368953125 0.415284009375 0.7999541015625 0.4236274796875 0.8222819984375 0.42092775624999995 0.8384125843750001 0.4232479484375 0.8255856937500001 0.41317585156250003 0.7984638000000001 0.40659326562500003 0.75704690625 0.4035001921875 0.709928875 0.3807561546875 0.6635449015625 0.3512313125 0.6245680546875 0.345685903125 0.591119259375 0.3426419984375 0.5890892890625 0.334610440625 0.6122038609375 0.3257263140625 0.629145475 0.322150534375 0.6744705296875 0.3092296625 0.7334426296875 0.28541309843749996 0.77539919375 0.279503515625 0.8082213359375 0.2602136359375 0.83777496875 0.2642489375 0.846304040625 0.2403678453125 0.86389886875 0.229077159375 0.8396271000000001 0.20955834218749997 0.7751269484375001 0.23087339999999998 0.7174072687499999 0.2538341046875 0.704623871875 0.2594302296875 0.6782147328125 0.26099444374999997 0.62986646875 0.26970208906250004 0.6265405859375 0.24685817031249999 0.6266479890625 0.2177435828125 0.6103656234375 0.18334633125 0.6444836781250001 0.1788688140625 0.6543734609375 0.1705407 0.6845398640625 0.166408909375 0.6936742859375 0.179789203125 0.7024847296875001 0.18946640625 0.71801085 0.2000486375 0.7364740796875 0.2290310796875 0.739604690625 0.2041297171875 0.740684028125 0.1861244015625 0.7369480687500001 0.1737643765625 0.7638755734375 0.17812510625 0.8020100765624999 0.1740424828125 0.8141242140625 0.17596778125 0.8260874578124999 0.19133944687499999 0.8410091124999999 0.21018371875000003 0.888904690625 0.24181517187499998 0.93082251875 0.2658100625 0.9859610734375 0.317703871875 0.9788983453125001 0.23697650312500002 0.9563023296875001 0.22328137187500002 0.9210392546874999 0.1995001625 0.9132868453125 0.18674524374999998 0.8780024671875 0.1778916375 0.8602306859375 0.17198359531250001 0.8427606953125 0.139182821875 0.8227645578124999 0.123021371875 0.7770675484375 0.11651462812499999 0.7602530171875 0.117307628125 0.8227858609375 0.1080937671875 0.8968740046875 0.1053433296875 0.969373378125 0.12810564687499998 0.9655849906249999 0.08664501875 0.9410975328125 0.07983195 0.883139975 0.08490257968750001 0.8380306109375001 0.085117703125 0.817948375 0.0831432359375 0.7428456890625 0.1046396078125 0.6995071125 0.1099238171875 0.668843646875 0.0932030625 0.63230269375 0.08515784062500001 0.602006696875 0.087808396875 0.633770803125 0.07159623125 0.6728550546875 0.0480270546875 0.694146221875 0.0334774421875 0.7288039453125 0.0199972671875 0.7785990171875 0.0126556140625 0.828922415625 0 0.7154222796874999 0