1 0.1958920015625 0 0.208343278125 0.0100774921875 0.27565738125 0.033985775 0.33237606249999996 0.0637943046875 0.3780618421875 0.10366541874999999 0.45727132499999995 0.13303227812500001 0.373445309375 0.052680343750000004 0.2839445359375 0.0025929921875 0.27479286406250003 0 0.1958920015625 0
1 0.14113756718749998 0.05631929375 0.17755284375 0.0657577875 0.1965562890625 0.074769 0.2496542625 0.0915720109375 0.3391799921875 0.0939676765625 0.23530478906250002 0.06200834374999999 0.1322920640625 0.045570176562499995 0.0455120796875 0.064504709375 0.14113756718749998 0.05631929375
1 0.3145142703125 0.0913752046875 0.1997395125 0.09193685625 0.038949884375 0.126939815625 0.03342095625 0.155816953125 0.11788019375 0.1352357265625 0.20639761874999998 0.123497675 0.2538457953125 0.1228735828125 0.33408854374999997 0.118682471875 0.37892432343750004 0.11918658124999999 0.4559588859375 0.1455193 0.4384137078125 0.12263361875 0.3145142703125 0.0913752046875
1 0.44374689375000004 0.190527303125 0.38441581406249997 0.161846975 0.32086824375 0.1495567609375 0.19651885 0.1463065296875 0.1618410140625 0.1440645171875 0.0921812078125 0.1662012265625 0.0286086796875 0.20160269843749998 0.0211715265625 0.27236248750000003 0.1169553203125 0.23894378125000001 0.13452545625 0.21413777500000003 0.2562874109375 0.1708245171875 0.30722294375 0.16074754687499998 0.37382039375 0.167747221875 0.44374689375000004 0.190527303125
1 0.6223983125 0.1279434421875 0.616894340625 0.10912889218749999 0.52809774375 0.09979599375 0.47122075625 0.09522075468749999 0.460321203125 0.1277417390625 0.4370763109375 0.1828123296875 0.43850961718750003 0.216629546875 0.444001109375 0.259289940625 0.42846006562500005 0.288517534375 0.4917409421875 0.25589095624999997 0.5544385093749999 0.22881416406250002 0.6117779328124999 0.18153537656250002 0.6223983125 0.1279434421875
1 0.43057188437500005 0 0.462387734375 0.060625795312499994 0.45338392499999997 0.07510996875 0.470929103125 0.09799565 0.52533951875 0.1023116390625 0.56805029375 0.004398234375 0.5335182828125 0.0007687734374999999 0.5262038921875 0 0.43057188437500005 0
1 1 0.052408853125 0.8249987984375 0.051043443749999994 0.66464665 0.0818840640625 0.595424325 0.0998584328125 0.6788502984375 0.11283517812499999 0.8101868874999999 0.073333803125 0.85951833125 0.078518746875 0.9928715312499999 0.06728480625 1 0.06821714062499999 1 0.052408853125
1 0.5803792328124999 0.2904571453125 0.5909372171875 0.35609443125 0.581470971875 0.42243263124999997 0.6147279796875 0.3670115828125 0.6292607171875 0.3236502734375 0.6590178890625 0.3015279484375 0.674000584375 0.2301584546875 0.5798333625 0.2244694015625 0.5803792328124999 0.2904571453125
1 1 0.325490025 0.9612770906250001 0.2729773953125 0.8784469015624999 0.2306050203125 0.760926396875 0.209836475 0.7984958062499999 0.2320212390625 0.8717638390625 0.2467358875 0.964302009375 0.3153785421875 1 0.37329201093750003 1 0.325490025
1 0.1501624109375 0.27890610625 0.104889153125 0.2825643375 0.0754236359375 0.3019117703125 0.014755159374999998 0.3334101484375 0.01329689375 0.34728461718750003 0.067573959375 0.3291422109375 0.14883749375 0.315238971875 0.2576708 0.30002510937500004 0.252604309375 0.2770482203125 0.19978550781249999 0.28131615625 0.1501624109375 0.27890610625
1 0.63375638125 0.32833110625 0.6203902578125 0.36059284375 0.6813379078125 0.3501654140625 0.7676804109375001 0.335393221875 0.8099037921875001 0.3370255296875 0.8434274953124999 0.326521275 0.91918705625 0.29380348437500003 0.8900256703125 0.2865301765625 0.8602809765625 0.28480665781250003 0.63375638125 0.32833110625
1 0.8567896984375001 0.5790222125 0.8309823218749999 0.5398376296875 0.8019792406249999 0.5073310328125 0.76355983125 0.4457792625 0.6699634375 0.4583862671875 0.720861534375 0.519846825 0.7502896156250001 0.572036925 0.79190473125 0.6269107078125 0.8043709390625 0.650665340625 0.8467151890625001 0.6986018890625 0.8773098828125001 0.739692415625 0.8855970359375 0.70829963125 0.88360538125 0.6323405140625 0.8567896984375001 0.5790222125
4 0.19808663124999998 0 0.2203844875 0.014148621875 0.285086190625 0.0391851046875 0.3344051546875 0.0682158921875 0.366020634375 0.0995942890625 0.326409653125 0.09683378125 0.21803878281250003 0.0601936140625 0.129679665625 0.0466983765625 0.0488536109375 0.056439275 0.0424622015625 0.0697952484375 0.1034098515625 0.0593678203125 0.155645346875 0.060649668749999996 0.1942355421875 0.0731223046875 0.24472111875000002 0.0910535171875 0.16374923749999998 0.10218186250000001 0.036191660937499995 0.1294554625 0.0335667828125 0.15442950625000001 0.10220580312500001 0.142004925 0.17636127343750002 0.1245490484375 0.298681575 0.12337769375 0.273857546875 0.1460185125 0.33058870625000003 0.151981196875 0.342788221875 0.1308190359375 0.379628496875 0.159941034375 0.22408862499999999 0.1449959078125 0.1463124484375 0.1494462671875 0.029191985937499998 0.1960529109375 0.020879873437499998 0.27513738125 0.1173928 0.234781440625 0.1445375703125 0.2137873171875 0.253529184375 0.17334016562500001 0.2789115609375 0.1928412453125 0.28396557499999997 0.23966398125000002 0.2873510703125 0.27424056406249997 0.2224221375 0.2794870421875 0.0970519578125 0.2859489375 0.015484292187500002 0.326472915625 0.012421934375 0.3556092984375 0.067573959375 0.3291422109375 0.2145724625 0.306717484375 0.3651916703125 0.297298271875 0.4325057734375 0.3212065546875 0.4410471421875 0.3585764078125 0.448555246875 0.42950423437499996 0.42375618125000003 0.4044533640625 0.3823952796875 0.41834221875 0.41106927187500003 0.5251612406249999 0.4195981609375 0.5863769375000001 0.42839375 0.6925094281249999 0.45743426718749997 0.65347849375 0.45066777187499996 0.551767590625 0.477691675 0.4844692265625 0.503644878125 0.5222663625 0.4825624265625 0.6042169390625001 0.48687482656250003 0.68182275 0.520411009375 0.6474726515625 0.5461599125000001 0.5211237796875 0.5718713765625 0.4663124359375 0.6006202421875 0.43005639531249995 0.6351522515625 0.43368585625 0.6759048875 0.473038478125 0.7373859281249999 0.5524446328125 0.7987211421875 0.6332382375 0.872085084375 0.7419488140625 0.8920134046875001 0.6472519703125 0.8273491390625001 0.5506779578125001 0.7987835375000001 0.51400901875 0.7760260390625 0.4695338953125 0.85596465625 0.491963521875 0.823474215625 0.46890980468750004 0.777338478125 0.4570468734375 0.7422356406249999 0.4351213578125 0.6684092609375 0.3782648078125 0.619369471875 0.370304971875 0.6253234 0.3611113375 0.7626014421875 0.3362621734375 0.8225283046874999 0.335546871875 0.918749578125 0.297965825 0.9006210921875001 0.28062993281250004 0.87001986875 0.285432728125 0.8571102312500001 0.2437929578125 0.888154884375 0.2568752984375 0.9544357218749999 0.314341553125 1 0.3779064203125 1 0.31640907500000004 0.9701225906250001 0.2837265125 0.93602411875 0.262365875 0.9126997359375 0.21316353124999998 0.8420565828125 0.17347483749999998 0.9041583671875 0.175793678125 0.9771347453124999 0.1932832203125 1 0.202624725 1 0.166715209375 0.9651060156250001 0.16536624687499998 0.8795051234375 0.1493553609375 0.8163825546875 0.1567486515625 0.7688010296875001 0.1349143453125 0.706420071875 0.11152455624999999 0.8053995703125001 0.0714278625 0.8396399265625 0.07783221875 0.9851801625000001 0.06928195781249999 1 0.0705059140625 1 0.052861975000000005 0.8454605093750001 0.0461801875 0.655217840625 0.076684734375 0.5621922734375 0.1075877953125 0.5428971765624999 0.10135147656250001 0.5652795890625 0.030759724999999998 0.560650578125 0.0036204921875 0.531185059375 0.022967923437500003 0.51132635 0 0.42882106875000003 0 0.46050446875000006 0.0548167609375 0.45875455 0.0714661234375 0.4636752140625 0.095830459375 0.4520465296875 0.135288678125 0.3760577078125 0.05155214375 0.3289136625 0.0255554984375 0.30585203125 0.0077011109375 0.2773700984375 0 0.19808663124999998 0
1 0.48841188906250005 0.240110546875 0.49227432968749996 0.34572454375 0.471933490625 0.39689203906250003 0.485966353125 0.4769222875 0.51975675 0.5113348249999999 0.5515679734375001 0.44594240156250003 0.5518970624999999 0.371629978125 0.555263553125 0.31587285781249996 0.5587883484375 0.234882446875 0.48841188906250005 0.240110546875
1 0.2686202703125 0.172120753125 0.2848530109375 0.20749345625 0.27437845781250003 0.259697940625 0.276090940625 0.3145861109375 0.3096520796875 0.23254432500000002 0.3372592890625 0.15969617187500001 0.35018793593750003 0.1315967765625 0.3140643140625 0.1193833875 0.2686202703125 0.172120753125