1 0.2982237125 0 0.3255981046875 0.0130884609375 0.37889023437499997 0.0486624125 0.4201580765625 0.093090571875 0.49586396875 0.130576203125 0.420896225 0.041902240624999997 0.36156792968749996 0 0.2982237125 0
1 0.189480715625 0.021238484374999998 0.22470991406250002 0.03443170625 0.24266732812499997 0.0453799546875 0.29371803281250003 0.06764116718749999 0.382502915625 0.07938169687499999 0.2825374109375 0.036739525 0.1818072578125 0.0096236453125 0.09352346406249999 0.0193834734375 0.189480715625 0.021238484374999998
1 0.35824330312499997 0.07422515625000001 0.244038584375 0.0627865015625 0.08047097343750001 0.08079061875 0.07195385 0.1089316328125 0.15810173593750002 0.097291546875 0.24736121249999998 0.0948703890625 0.2946146984375 0.0992094 0.374855959375 0.1034289 0.4193934296875 0.1086168625 0.49325347031250005 0.1428576328125 0.4781966125 0.11826335156250001 0.35824330312499997 0.07422515625000001
1 0.476403759375 0.1863425765625 0.4203956125 0.151617575 0.3584808390625 0.1327521578125 0.23515238749999998 0.11652168125 0.2008988734375 0.1106671296875 0.1293067546875 0.1254011390625 0.062382021875000006 0.153963540625 0.0475891984375 0.2235583046875 0.146341484375 0.200334803125 0.166408303125 0.177501265625 0.29203070000000003 0.1471528734375 0.343740534375 0.14245531875 0.4092414921875 0.15637797656250002 0.476403759375 0.1863425765625
1 0.6606183015625 0.142775715625 0.6571111375 0.1234889109375 0.5697765312499999 0.10492536718750001 0.5136893640625 0.09442992812499999 0.499450153125 0.1256334453125 0.470576153125 0.17797259999999998 0.468466746875 0.211754384375 0.4694689296875 0.254755096875 0.45095790625000004 0.2821980984375 0.517302528125 0.25636490312500004 0.582486928125 0.23599012187500001 0.6444542203125 0.19496393437499998 0.6606183015625 0.142775715625
1 0.4850135390625 0 0.5085208875 0.05910118125 0.4980523953125 0.072564853125 0.513109253125 0.0971591359375 0.566770459375 0.10713891874999999 0.619481996875 0.014226384375000001 0.5855185390625001 0.0070072296875 0.5525521171875 0 0.4850135390625 0
1 1 0.10214776562500001 0.8701471609375 0.0874745 0.7074497156249999 0.10138480937500001 0.6367277625 0.1120250078125 0.7183402812499999 0.1336510546875 0.8530864125000001 0.108094484375 0.9016056390625 0.1184075640625 1 0.1204422734375 1 0.10214776562500001
1 0.6018421 0.3000069609375 0.60548128125 0.3663882875 0.5891326625 0.4313735875 0.6280005625 0.3797324453125 0.6469861781249999 0.338127759375 0.6788927515625 0.31923709375 0.7012535125 0.2498246890625 0.6081968171875001 0.2343236453125 0.6018421 0.3000069609375
1 1 0.3522927890625 0.982480490625 0.322437634375 0.904533171875 0.2716392671875 0.7898273625 0.23870025625000002 0.824872021875 0.2646905625 0.8962005859375 0.28698319687499996 0.9810567125 0.36492269374999997 1 0.404372403125 1 0.3522927890625
1 0.1751894625 0.24354929531249997 0.129781828125 0.24245514375 0.09845536875000001 0.258616603125 0.034826762500000004 0.283600846875 0.0319262078125 0.29724687968749997 0.08780233750000001 0.2848773578125 0.1700739859375 0.279544634375 0.2799013734375 0.2757902953125 0.27726437656249997 0.25240968124999996 0.2242888 0.25113317031250004 0.1751894625 0.24354929531249997
1 0.6509679359375 0.3432528765625 0.6343027625000001 0.37394073906249997 0.6960064984375001 0.36994119531249997 0.7834201234375 0.36427517656249997 0.8252415781250001 0.3703120875 0.8596796281250001 0.3633695578125 0.9384441109375 0.3387500296875 0.9102027421875001 0.328468371875 0.8808011499999999 0.3236451265625 0.6509679359375 0.3432528765625
1 0.8465750968749999 0.615884 0.825005 0.57421646875 0.799558665625 0.5388562984374999 0.7677836328125001 0.47362579374999997 0.6733821796874999 0.4763802484375 0.717577075 0.5428244203125 0.74138859375 0.5978046890625001 0.777039865625 0.65672783125 0.786954746875 0.68165540625 0.824056296875 0.7337555328125 0.8501882609375 0.777818978125 0.8617114546875 0.747464409375 0.8676706 0.6717132203125 0.8465750968749999 0.615884
4 0.296911328125 0 0.33443178281249997 0.0192448875 0.38044602968749996 0.053271875 0.40860838125 0.087783096875 0.36950294375000003 0.0808972359375 0.26555568281249997 0.033129946874999996 0.17909124062499998 0.01047259375 0.09768975937499999 0.011711507812499999 0.08993728281249999 0.0243262328125 0.15164101875 0.020326690624999998 0.20345637187499999 0.0270616140625 0.240531421875 0.043499696875 0.28886611093750003 0.066609859375 0.20717457343749998 0.0692133765625 0.0774649015625 0.083004171875 0.0722439046875 0.10756702968750001 0.1418056359375 0.1023852421875 0.2173795109375 0.09277635 0.33915216875 0.1043973640625 0.31209751875 0.1243193359375 0.3678946296875 0.136179378125 0.3822393625 0.1164083421875 0.415833746875 0.14922166406249998 0.262708128125 0.118100065625 0.18489282812500002 0.1143962203125 0.06354224375 0.14850512656249998 0.047009087500000005 0.2262875109375 0.14721165 0.1962409921875 0.176402203125 0.178199278125 0.289024628125 0.14936642656250002 0.3122295390625 0.17141385781250001 0.31236155781249997 0.21850838125 0.3121142703125 0.2532494328125 0.24699261875 0.251680246875 0.12163377812500001 0.24500199218750002 0.0362770390625 0.2767778328125 0.030185876562500002 0.3054345 0.08780233750000001 0.2848773578125 0.23633958906250002 0.2779410046875 0.3871182640625 0.284317384375 0.45156451718749996 0.31513093593749997 0.4561528828125 0.3531888890625 0.45620588125 0.42451297656250003 0.43416119531249997 0.3970071296875 0.39157509375 0.40649650781249996 0.408926378125 0.5157276125 0.4110097625 0.577499475 0.40866330156249997 0.68396995 0.44162457499999996 0.6481883921875 0.44552683281250005 0.54632738125 0.47943729062499996 0.4822224515625 0.5012974421874999 0.5225253796875 0.4717643140625 0.6018233046875 0.467941075 0.679454753125 0.50488410625 0.6487983125000001 0.5436990078124999 0.5258330859375 0.5749989671875 0.47400958437499996 0.60738013125 0.4409572328125 0.6413435890625 0.4481763890625 0.677759509375 0.4915732421875 0.7306035453125 0.576970921875 0.7831575281250001 0.66373320625 0.8447562265625 0.779516875 0.8744738921874999 0.6874218671875 0.820258596875 0.584617640625 0.795682428125 0.5451636609375 0.7776985140625 0.49855336875 0.854854684375 0.5292159843750001 0.824952 0.5028923828125 0.7803090125 0.486271940625 0.7476903140625 0.46079728906249995 0.6802114890625 0.39653524687499997 0.632272375 0.3834929625 0.639154684375 0.374972046875 0.778278146875 0.364608471875 0.83795149375 0.37016115156249996 0.9375739453125 0.34284383906250004 0.9213568640625001 0.323707971875 0.8904212484375 0.3252857578125 0.881934871875 0.2825246703125 0.9114419828125 0.2987803953125 0.9713528671875 0.362860078125 1 0.41321949062499996 1 0.3473914359375 0.9901539453125 0.3340524734375 0.9584750625 0.309244590625 0.9404214984375001 0.257873721875 0.874313934375 0.21101822656250002 0.9358331328125 0.2198157671875 1 0.242509878125 1 0.21617177656250003 0.9975368671875 0.2158162234375 0.9140784999999999 0.19094531718750002 0.8505289140625001 0.1917 0.8054903515625 0.16501168125000001 0.7458960234374999 0.1352294375 0.8485245453125 0.1056985734375 0.8819078921875001 0.11564693749999999 1 0.121087596875 1 0.10101893437500001 0.891005128125 0.084776715625 0.6986160359375 0.09522838125000001 0.6028698218749999 0.1162383328125 0.5843322984375 0.108019290625 0.6139709453125 0.040153846874999996 0.6122041140625 0.0126794234375 0.5808776531250001 0.02884088125 0.56339483125 0.0037309468749999997 0.5470983546875 0 0.4835710140625 0 0.5072551484375001 0.0531271140625 0.5037744843749999 0.069502353125 0.5061214265625 0.09424756875 0.4904319375 0.13227410312500001 0.42361224062499997 0.041053290625 0.3794438453125 0.0102711625 0.36871338124999997 0 0.296911328125 0
1 0.515641215625 0.2403229609375 0.508442828125 0.34576212812499996 0.4828649578125 0.3945231265625 0.48845550937500004 0.47558179375 0.518463709375 0.513337875 0.5569360359375 0.45162885625 0.5650310859375 0.37775792343750003 0.574207340625 0.32265813906249996 0.5861786296875 0.24247984374999998 0.515641215625 0.2403229609375
1 0.3041605078125 0.14973114375000002 0.31660686718750003 0.186606853125 0.300732840625 0.2374304671875 0.2966985671875 0.2921969578125 0.33865155625 0.2141126984375 0.3737222359375 0.14454935468750002 0.3895172453125 0.117955303125 0.354868159375 0.102032875 0.3041605078125 0.14973114375000002