1 0.33745168125 0.26210493281249997 0.33879435625 0.24449238593749997 0.3597641078125 0.20554993437500002 0.367055975 0.164195703125 0.3779787484375 0.152238896875 0.3806920015625 0.1368512765625 0.3621961609375 0.1117741546875 0.343897803125 0.1055727765625 0.3286937125 0.11181653437500001 0.3165978421875 0.140424159375 0.300376284375 0.152438275 0.297832609375 0.16686416875 0.309870521875 0.21856815625 0.30325696875 0.2560754828125 0.31232833437499996 0.2646164015625 0.32600621875 0.26702818125 0.33745168125 0.26210493281249997
1 0.3366059359375 0.146927009375 0.3386408765625 0.13538629375 0.3232532546875 0.13267304062500002 0.191278403125 0.12130184375 0.051177746875 0.166012246875 0.048634071875000004 0.1804381421875 0.061450114062500005 0.1777398171875 0.06043264375 0.183510175 0.0472774453125 0.1881319515625 0.0374419046875 0.24391207812500001 0.0775858109375 0.22619984375 0.1520800578125 0.20363659687500002 0.17068966562500001 0.18807705 0.1971696390625 0.1778717703125 0.29797428125000003 0.146064971875 0.3366059359375 0.146927009375
1 0.413135121875 0.112823046875 0.4558785140625 0.120359859375 0.4485168828125 0.1121204125 0.42268731718749997 0.098641315625 0.329669325 0.07628996875 0.27735978437500003 0.07301615 0.1744643921875 0.0766887234375 0.094996565625 0.0874670890625 0.076895690625 0.10014145781249999 0.0625394921875 0.1015765828125 0.058978348437499994 0.12177283593749999 0.153650265625 0.10475071250000001 0.18920160625 0.103086353125 0.26048781718749997 0.1087146421875 0.35227690312500004 0.108041865625 0.387842196875 0.11629624218750001 0.413135121875 0.112823046875
1 0.333427953125 0.0749694609375 0.31631664375 0.062036 0.2786885046875 0.045484868750000004 0.18892040625 0.024698192187500002 0.1526768 0.020290721875 0.0906315328125 0.0222416265625 0.07576659999999999 0.026561929687500003 0.07322292500000001 0.040987825 0.1216892015625 0.0374925453125 0.15073676875 0.029864918750000004 0.2120410125 0.0392579 0.2701816859375 0.0737337125 0.3635248828125 0.084242871875 0.333427953125 0.0749694609375
1 0.28007325625 0 0.295267775 0.0100180875 0.334367378125 0.0310785125 0.35588511718750004 0.051871999999999995 0.37392496875000003 0.065252509375 0.41618753125 0.0955119734375 0.43995425312499997 0.1006943140625 0.44918124375 0.098354771875 0.4020867734375 0.035511231250000004 0.35180928125 0 0.28007325625 0
1 0.47214741718750003 0 0.4981990328125 0.0703077109375 0.5057302421875 0.0775854328125 0.540617221875 0.0896867125 0.5547898890625 0.079294578125 0.5839552109375 0.03386420625 0.5763960953125 0.0067490140625 0.53999430625 0 0.47214741718750003 0
1 1 0.0807106359375 0.9063890359375 0.07485194843750001 0.8369960921875 0.078482140625 0.7836830328125 0.0908974171875 0.6814799078125 0.10064182031249999 0.6606378765625001 0.10886633750000001 0.7068146921875 0.12692483125 0.8276274265625 0.10162088124999999 0.9112209453125001 0.1074360265625 1 0.100549653125 1 0.0807106359375
1 0.513819559375 0.4816125828125 0.5271582875 0.485947815625 0.5485090546875 0.47483811875 0.5626538156249999 0.4446085125 0.5694369484374999 0.406139459375 0.5706680000000001 0.3091770265625 0.5672345765625 0.298655346875 0.552864425 0.2901717359375 0.5371097421875 0.2695444640625 0.522061278125 0.264907759375 0.5080581875 0.2743381671875 0.5021089953125 0.298079853125 0.5021508531250001 0.327836059375 0.516548909375 0.3561571421875 0.5054426046875 0.3591569375 0.47182638906249996 0.3998359875 0.49594622031249996 0.4130136125 0.5020070343749999 0.4686218125 0.513819559375 0.4816125828125
1 0.670977859375 0.29017414218750004 0.65674938125 0.260891334375 0.6331382859375 0.2448285296875 0.6127910359375 0.2402491328125 0.60288573125 0.24643558125 0.6022052718750001 0.3702690421875 0.6039429125 0.3904079859375 0.6145544359375 0.40021210468749996 0.6434364125 0.396380128125 0.6649567578125 0.3843087046875 0.668673528125 0.35323198906250003 0.6638555703125 0.3305666484375 0.670977859375 0.29017414218750004
1 1 0.333267009375 0.9841567875000001 0.31366395625 0.9381216453125001 0.2748062640625 0.90288155625 0.2547097 0.861155634375 0.241402528125 0.766597484375 0.2177879828125 0.6674328140625 0.20030257499999998 0.6753031796875 0.20565684375 0.669495659375 0.20859933125 0.7161672578125 0.2138539109375 0.7702004859375 0.22734793749999999 0.8259574031250001 0.251062171875 0.8817003671875 0.26485767031249996 0.9038131640625 0.30941348281250003 0.9505545265625001 0.364261740625 0.9890584609375 0.3958417125 1 0.41577738125 1 0.333267009375
1 0.8171414765625 0.181085384375 0.7678982999999999 0.1704192296875 0.7290970671875 0.1705189171875 0.7015856703125001 0.17657581875 0.69700705625 0.20254242968749997 0.707760253125 0.19154735 0.8186955890625001 0.1922673203125 0.82262379375 0.18998508593750002 0.8161240078124999 0.1868557421875 0.826721578125 0.186741125 0.8171414765625 0.181085384375
1 0.8253649515625 0.1944349359375 0.8411056828125 0.20514347187499998 0.87295420625 0.2444745625 0.9413715375 0.2763709359375 0.9297006859374999 0.24258096718750002 0.9194283203125 0.230853396875 0.8829872312499999 0.20757018125 0.8499795656250001 0.194808646875 0.8253649515625 0.1944349359375
1 0.2991870890625 0.2791569140625 0.3106465046875 0.2841524 0.316623603125 0.2802481859375 0.379021978125 0.286292565625 0.43528763125000003 0.30712162187500003 0.4256935765625 0.2915471453125 0.39490438125 0.2762019046875 0.356767509375 0.2625359515625 0.31231438125 0.254697665625 0.2133471953125 0.2560880046875 0.1683853328125 0.251134896875 0.11351816562499999 0.2523682390625 0.07816430937499999 0.27290834375 0.031181459374999998 0.2894146875 0.024893109375 0.3150798265625 0.0906691 0.29197094375 0.2834603109375 0.27836711406250003 0.2991870890625 0.2791569140625
4 0.271766925 0 0.36468601875 0.05909027812499999 0.425787871875 0.09819639999999999 0.3449238578125 0.0711883953125 0.25574345625 0.0342143234375 0.170498928125 0.0177668 0.127523246875 0.01868869375 0.0838208015625 0.023732271875 0.07576659999999999 0.026561929687500003 0.0735863078125 0.0389269828125 0.1268164140625 0.03698 0.1751615640625 0.03417166875 0.213756728125 0.043810257812499996 0.2797236078125 0.0696081078125 0.2032999109375 0.0745484890625 0.15031205625 0.075121575 0.111494571875 0.08102650312500001 0.072677084375 0.086931428125 0.059535534375 0.11861287812500002 0.0880985921875 0.113733040625 0.14570921718750002 0.101225575 0.1960123359375 0.10159570625 0.2905223421875 0.1083440953125 0.33398253125 0.1046744140625 0.31424030625 0.130942153125 0.26466395 0.1264503375 0.18236634375 0.12185532343750001 0.141853075 0.1373775140625 0.0610687921875 0.1670479984375 0.0370058453125 0.24638508906249998 0.144395215625 0.2086563 0.197343203125 0.17974396875 0.25372262343749996 0.1599363546875 0.30889076875 0.14699821562499998 0.3013808734375 0.1895889515625 0.3085258546875 0.2347637390625 0.302691809375 0.253567590625 0.3153887171875 0.25297317812500003 0.35194617968749997 0.2027548125 0.3777447734375 0.142139703125 0.4390888828125 0.17987193125 0.4912073796875 0.25564253593749997 0.45404581093749996 0.223590953125 0.43648387812499995 0.23749364062499997 0.42211111875 0.261874940625 0.43216315781250003 0.290562990625 0.34738320625 0.25719805625 0.1490977171875 0.2534004140625 0.11173376093750001 0.251061971875 0.0949185234375 0.275012596875 0.027557912499999997 0.2999669828125 0.0244086 0.317827615625 0.0920114671875 0.2914993328125 0.2502283296875 0.2797321328125 0.3508345671875 0.2804723984375 0.40628483437499996 0.2944996078125 0.45418533749999995 0.3227783109375 0.447886715625 0.358499575 0.44818876875 0.399634546875 0.44966222968749997 0.4055608015625 0.45067111249999997 0.42840446718749997 0.445261778125 0.40195166093749995 0.39374738593749997 0.408451003125 0.383512890625 0.42364571562500003 0.39800524375 0.48428214843750006 0.4123151375 0.588801346875 0.407509909375 0.6446184859375 0.4302189890625 0.644372878125 0.47051300156250003 0.472984840625 0.488074934375 0.45908215312499995 0.5145625484374999 0.4835543890625 0.5005694515625 0.4882008796875 0.488032003125 0.6021522734375 0.529069646875 0.6122215390625 0.605758596875 0.4486675203125 0.61258159375 0.4385377140625 0.6734411921875 0.4790177296875 0.8077745015625 0.6741142203125 0.858681725 0.7567543 0.875417234375 0.676125184375 0.8369247984375001 0.5659253421875 0.7811525484375 0.4965935359375 0.8177897406250001 0.5030536624999999 0.8236437171875 0.49841943281249995 0.7830706546874999 0.47143275625000003 0.7647420890625 0.46111788281250005 0.6869875249999999 0.3879100015625 0.6764709109375 0.37613936406250004 0.6793779671875 0.3596526265625 0.8322253609375 0.3497718640625 0.9130295765625001 0.3342710015625 0.9528758765625 0.3653793640625 0.9947000812500001 0.4138358125 1 0.4193579109375 1 0.333818271875 0.9850328906250001 0.311551859375 0.9432286187500001 0.27726503281250003 0.896559321875 0.2562864796875 0.8599221281249999 0.2498263546875 0.882913328125 0.27654609531249996 0.9076202437499999 0.307818196875 0.8302275265624999 0.3182541546875 0.7794398984375001 0.3206318125 0.740360225 0.3137410109375 0.6690438078125001 0.3039992234375 0.6877372875 0.22654857499999997 0.7502528046875 0.22907208125 0.7651898 0.2586214828125 0.78816106875 0.2711716015625 0.811334725 0.25400858125000003 0.8294010999999999 0.2515277265625 0.8635758812500001 0.24338755625 0.6842859234375 0.20327423281249998 0.728230621875 0.1968567625 0.7472660171875 0.188880328125 0.7578025640625 0.21482059062499997 0.7582870734375 0.21207280156250002 0.809519346875 0.178608109375 0.8200957593749999 0.23288761562500002 0.8379198796875 0.23178065625 0.83200610625 0.1939060171875 0.8650294109375001 0.2351441875 0.9422396687499999 0.2685909890625 0.9275449265625 0.23766769375000002 0.8916145640625001 0.2129162609375 0.8566731546874999 0.1968388734375 0.91553491875 0.20580117968749997 0.9929675 0.22370446562500002 1 0.227524653125 1 0.20305463281249997 0.9531211984375 0.192596103125 0.9096410765625 0.1820961640625 0.8651919343750001 0.17709180156249998 0.82294301875 0.1738920109375 0.7977914578124999 0.17370694375 0.7845901093750001 0.162879525 0.738163065625 0.140527078125 0.72155021875 0.1347645625 0.7808566265625 0.112639834375 0.82797056875 0.10253135312499999 0.9503168687500001 0.1085215890625 1 0.101197334375 1 0.08611662812500001 0.9776287874999999 0.0821719796875 0.857967225 0.075238525 0.7524959578125 0.0878065328125 0.6338432765625 0.10371674374999999 0.62017735 0.1098067375 0.5879406078125 0.10695575156249999 0.5808155578124999 0.07595058593750001 0.6146882890625001 0.026675440625 0.6171108359375 0.01293649375 0.5519504484375 0.0396954515625 0.5511638875 0.0013082671875 0.5437443359375 0 0.468120325 0 0.5032005203125001 0.1019300625 0.5081452765625001 0.14530027968749998 0.47978460937499995 0.120466978125 0.40176785625000005 0.034463370312500005 0.3514361734375 0 0.271766925 0