1 0.32870901875 0 0.3426973125 0.0072985359375000005 0.394715465625 0.0447106859375 0.4344076484375 0.0905520078125 0.50875919375 0.13065690000000002 0.4369317953125 0.039420618750000004 0.3850585515625 0 0.32870901875 0
1 0.1834206296875 0 0.11054435468749998 0.005490426562499999 0.20637841093749998 0.010693165625 0.2411257125 0.02510783125 0.2586900984375 0.036676115625 0.3089328 0.0607054125 0.397253859375 0.0755373359375 0.298837440625 0.029432395312499998 0.20296643749999999 0 0.1834206296875 0
1 0.3731889859375 0.0695372890625 0.259453040625 0.054119915625 0.0953567359375 0.0664046375 0.08586269375 0.094231265625 0.17236433281250002 0.08560478906249999 0.2616539328125 0.086300215625 0.3087272046875 0.09228570781249999 0.38877232500000003 0.099303015625 0.43310160781249996 0.1060421546875 0.50572166875 0.14283974375 0.49153231093749994 0.11773496718750001 0.3731889859375 0.0695372890625
1 0.48736462031250005 0.18571015156249998 0.4326024765625 0.149051646875 0.3713838140625 0.128036928125 0.248696925 0.10751223750000001 0.2146685984375 0.100465821875 0.1426058828125 0.112692328125 0.07472510624999999 0.1389016890625 0.057512471875000006 0.20793779687499997 0.15701508749999998 0.188174846875 0.1778665625 0.166055540625 0.3044715765625 0.14010979375 0.35631385312499997 0.1372197484375 0.42128901562500004 0.153419875 0.48736462031250005 0.18571015156249998
1 0.6729874046875 0.148598825 0.6701554765625 0.1292013703125 0.5835219296874999 0.1076012015625 0.5278352171875 0.0951547421875 0.5125156921875 0.12584230937500002 0.481832671875 0.1771418921875 0.47854558281250004 0.21082948125 0.478046453125 0.25383897499999997 0.45858895781250003 0.2806192328125 0.52579473125 0.25711716875 0.5916504921875 0.239029703125 0.6550118281249999 0.20019113281249998 0.6729874046875 0.148598825
1 0.502550584375 0 0.52390284375 0.0596671390625 0.512970853125 0.072757265625 0.5271602109375 0.0978620421875 0.5804404390625 0.1097084953125 0.6363624671875 0.0186921671875 0.60267164375 0.0102921015625 0.5613922796875 0 0.502550584375 0
1 1 0.117823125 0.8843186093750001 0.10064374843749999 0.7212348125 0.108867525 0.6501846046875001 0.1170330828125 0.73099266875 0.141494190625 0.8665486265625001 0.1206557609375 0.9146783765625001 0.13265585468750002 1 0.13740315625 1 0.117823125
1 0.608759715625 0.303683028125 0.61008000625 0.3701509234375 0.5914733937500001 0.43452607812500005 0.632119865625 0.38427286562499996 0.6525458984375 0.34335611093749996 0.685092309375 0.3255904765625 0.7098619078125 0.257000734375 0.6174028781249999 0.238261503125 0.608759715625 0.303683028125
1 1 0.36086395625 0.9883834125 0.3393841265625 0.912256415625 0.28589638281249996 0.7987700359375001 0.2489742625 0.8328863 0.27617177656249997 0.9033934109375 0.3009401625 0.9854777953125 0.381793615625 1 0.41495507812500004 1 0.36086395625
1 0.1843373296875 0.2323697953125 0.138995540625 0.22969160624999999 0.10712413750000001 0.24474994218749999 0.0426623546875 0.267498359375 0.039287328125 0.281034853125 0.095561109375 0.2706229140625 0.1779687484375 0.268164678125 0.2878602578125 0.2682455453125 0.2860408390625 0.24478714531249998 0.2331420828125 0.241662590625 0.1843373296875 0.2323697953125
1 0.6563463656249999 0.3486170671875 0.6386203546875 0.37870462968749996 0.700426084375 0.3768609515625 0.7879842 0.3742490765625 0.8295694921875001 0.3817418578125 0.8642288546874999 0.3760054265625 0.943804565625 0.3541497375 0.915939225 0.3428887328125 0.886723871875 0.337042325 0.6563463656249999 0.3486170671875
4 0.1136275296875 0 0.1067878578125 0.0103050171875 0.1685935859375 0.008461340625 0.22014232968749997 0.0170004921875 0.2566211140625 0.0347224625 0.304119825 0.059505403125 0.22238719062499998 0.059256340625 0.09227524375 0.06851193125 0.0862001953125 0.0928776171875 0.15590039375 0.09012665625 0.2293570890625 0.0825611015625 0.3530564859375 0.0990248453125 0.32532305 0.11799048906250001 0.38067226249999997 0.131790596875 0.3956982546875 0.112532228125 0.42812700625 0.1464979890625 0.2761807953125 0.11005134218749998 0.1985421609375 0.1036340375 0.0760751171875 0.1334870921875 0.05683746562500001 0.2106450953125 0.1580275953125 0.18411389843749998 0.1878300140625 0.167101909375 0.3013900828125 0.1422170890625 0.3238114140625 0.1650609296875 0.322299778125 0.21213137187500003 0.320840196875 0.24684262812500002 0.255812978125 0.2430016859375 0.13076357031250002 0.2319525390625 0.044349867187499996 0.26073011562500004 0.0372623125 0.289156746875 0.095561109375 0.2706229140625 0.24424995156249998 0.2688746609375 0.39471424375 0.2805092578125 0.45804586093750005 0.3135531796875 0.46130322812499996 0.3517480796875 0.45886701875 0.4230305671875 0.43779570156250003 0.39477212968750003 0.3949043671875 0.40276949218749997 0.40843297187500005 0.5125396078125 0.4083592796875 0.57434655 0.40229848281249997 0.6806702765625 0.4364884359375 0.646060846875 0.4439432140625 0.5443980734375 0.48007024375 0.48151565312500005 0.500510528125 0.5225569375 0.4682279328125 0.600775865625 0.4616977234375 0.67822659375 0.4889617484375 0.6303879515624999 0.5427708250000001 0.527342421875 0.5758603328125 0.47664284375 0.60937528125 0.44474071249999997 0.6430661046874999 0.45314077968750005 0.6779453125 0.49778209375 0.7463537171875 0.5924793171875 0.7772708296874999 0.6735155203125001 0.861262571875 0.797978471875 0.86770484375 0.7003766453125 0.8459882406249999 0.6029430140625001 0.8031705953125 0.5491334359375 0.777579834375 0.5082457890625001 0.85361889375 0.5415824375 0.8246531062500001 0.5142312828125 0.7806173578125 0.49606294687499997 0.7489075828125 0.46946543749999997 0.683712578125 0.40288756562500005 0.6362578359375 0.3881801734375 0.6434333265625 0.3799046390625 0.7828337234375 0.374402715625 0.8422769328124999 0.38203458281249997 0.9427920578125001 0.35821068437500003 0.9272526875 0.33852050624999996 0.8962808531249999 0.33901769531250003 0.8892919875 0.2959864859375 0.91821380625 0.313262090625 0.9758518453124999 0.379393596875 1 0.421506040625 1 0.35760956093749996 0.9956468421875 0.3512596890625 0.964853040625 0.3253613421875 0.9486032906249999 0.27339170625000003 0.8841712312500001 0.22425763437500001 0.945345925 0.2351968046875 1 0.256700640625 1 0.230947128125 0.9246121078125 0.205584715625 0.861074896875 0.204121090625 0.8169951796875001 0.17587720625 0.7584765390625 0.14403329375 0.8620731546875 0.118102103125 0.8950889734375 0.12920946718749998 1 0.1377201234375 1 0.11619344218750001 0.905258021875 0.098675540625 0.739430234375 0.10765296093750001 0.6162002453125 0.120062215625 0.5979608562500001 0.11120122968749999 0.6299499171875 0.0444115015625 0.62914300625 0.016892153125 0.5972716015625 0.0319504875 0.580675753125 0.0062457078125 0.5573779203125 0 0.5079722890625 0 0.52284636875 0.0536525375 0.5187963359375 0.06989632812499999 0.520278253125 0.0947083765625 0.5032712140625 0.132164190625 0.439675784375 0.038666975 0.396608575 0.00636214375 0.3904102328125 0 0.33102274062500003 0 0.3513107546875 0.013759503125 0.396109446875 0.049371637499999996 0.4230502171875 0.0848446859375 0.3842089140625 0.076598259375 0.2819920296875 0.0252323625 0.1978015703125 0 0.1136275296875 0
1 0.524694284375 0.2410270203125 0.513820509375 0.3461507359375 0.48655648593749995 0.3939893765625 0.489314725 0.475193771875 0.5179869765625 0.5139741234375 0.5585894796875001 0.4536453609375 0.5692576578125 0.3801019421875 0.5803512765625001 0.3253559703125 0.59511345625 0.24564430937499998 0.524694284375 0.2410270203125
1 0.3165040140625 0.1431098171875 0.3276558484375 0.1803974359375 0.3100177734375 0.2306360953125 0.304074634375 0.28522842812500004 0.34872716875 0.208655875 0.386204209375 0.14035885625 0.402917715625 0.1143322421875 0.368845421875 0.0972102765625 0.3165040140625 0.1431098171875
1 0.8487322296875 0.6021893703125001 0.8083650421874999 0.55905534375 0.7755108500000001 0.5062921359375 0.6665439125 0.48199922187500005 0.666206409375 0.4833528703125 0.7439032609375 0.5818037640625 0.778914375 0.656671725 0.8059430828125 0.712295871875 0.8519741265624999 0.794224803125 0.864843196875 0.7528616828125 0.871417371875 0.6854865046875 0.8571840453125 0.6503061812500001 0.8487322296875 0.6021893703125001