1 0.4468981203125 0.176595584375 0.4429913015625 0.1992942609375 0.4599208484375 0.23077952499999999 0.45471175625000004 0.2381016796875 0.44950266718750004 0.289356759375 0.509407215625 0.2373694640625 0.55889358125 0.21686743281249998 0.5719163093749999 0.1992942609375 0.590148128125 0.1839177375 0.6044731296875 0.1663445671875 0.607077675 0.151700259375 0.59665949375 0.13852038125 0.6005663109375 0.12900158125 0.6096822203125 0.11728613437499999 0.605775403125 0.0872653015625 0.583636765625 0.0872653015625 0.535451375 0.097513275 0.5159172828125 0.099709921875 0.478151371875 0.08872669062500001 0.4234559125 0.0828689671875 0.444293575 0.10483847187499999 0.44950266718750004 0.13778816562500001 0.44038675625 0.15682576718750002 0.4468981203125 0.176595584375
1 1 0.2747124515625 0.943064059375 0.2241895875 0.9026936031250001 0.20588420156249998 0.8610208734375 0.1897754609375 0.7880935953125 0.18245330625 0.7320958640625 0.1773277984375 0.7086549546875001 0.18318552187499998 0.8076276874999999 0.2044197703125 0.8493004171875 0.2044197703125 0.8597185984375001 0.21979629374999998 0.8662299640625 0.2402983265625 0.9079026921875 0.265925865625 0.9665049703124999 0.30619771562500003 1 0.3428084859375 1 0.2747124515625
1 0 0.3447265625 0.0223571859375 0.31420515 0.0627276421875 0.2951675484375 0.11612082812499999 0.268075578125 0.1265390109375 0.25123462343749997 0.142166284375 0.2424480375 0.20988447031250002 0.20949834374999998 0.25546401875 0.185335234375 0.3192753859375 0.18167415781250001 0.3505299328125 0.18387080312499998 0.3687617515625 0.1780130796875 0.3298611109375 0.1708984375 0.282811746875 0.1692264953125 0.25694444375000003 0.171875 0.196861740625 0.17508421875 0.13174810312500002 0.1846030203125 0.109375 0.193359375 0.086168553125 0.2029084046875 0 0.25709234687500004 0 0.3447265625
1 0.51461630625 0.23087339375 0.48596630625000004 0.2543042875 0.45861857656250005 0.28212847343749997 0.4664322125 0.3055593671875 0.475548121875 0.3304546921875 0.461223121875 0.36271910625000003 0.4468981203125 0.4117775390625 0.46252539375 0.451317171875 0.471641303125 0.507697759375 0.46252539375 0.5538273328125001 0.45210721249999997 0.6087434890625001 0.45471175625000004 0.6402287531249999 0.45210721249999997 0.6775717390625 0.461223121875 0.6768395234375 0.4807572140625 0.6394965375 0.5081049421875 0.579454871875 0.527639034375 0.535521946875 0.5432663078125 0.48792794375000004 0.57452085625 0.4241313328125 0.5888458562500001 0.3889849921875 0.6031708578125 0.371411821875 0.616193584375 0.33626548125 0.616193584375 0.299654709375 0.6266117671875 0.2784204625 0.6148913125 0.251328490625 0.607220340625 0.2323965796875 0.5784276734375 0.22648010156249998 0.5484754 0.2169613 0.51461630625 0.23087339375
1 0 0.12900158125 0.0301708234375 0.11362505625 0.0744480984375 0.100445178125 0.09398219062499999 0.100445178125 0.11091173750000001 0.0960518859375 0.1617003765625 0.10410625625 0.1929549234375 0.1150894875 0.21639583281250002 0.115821703125 0.2841140203125 0.10630290312499999 0.2411390171875 0.0982485328125 0.1929549234375 0.0879975171875 0.133050375 0.083604225 0.09267991875 0.0872653015625 0.0484026421875 0.09531967031250001 0 0.113707278125 0 0.12900158125
1 0.26327765468750003 0.24249497187500002 0.26327765468750003 0.2747124515625 0.260673109375 0.323770884375 0.2671844734375 0.340611840625 0.27239356406250004 0.3193775921875 0.282811746875 0.265925865625 0.29843902031249997 0.22785066406249999 0.3036481125 0.1883110296875 0.3179731125 0.1575579828125 0.2971367484375 0.139252596875 0.2711782046875 0.143013278125 0.25546401875 0.1685412140625 0.2411390171875 0.2029553390625 0.25155720000000004 0.21759964687500002 0.26327765468750003 0.24249497187500002
1 0 0.40806952812499997 0.0627276421875 0.36926210937500004 0.1044003734375 0.360475525 0.1851412859375 0.3414379234375 0.26197538125 0.31873924531250003 0.3153685671875 0.3136137375 0.34011175 0.310684875 0.389598115625 0.31873924531250003 0.44820039375 0.3399734921875 0.46252539375 0.3619399546875 0.47424584843749995 0.333383553125 0.423457209375 0.31581038437500003 0.360948115625 0.301166075 0.31015947499999996 0.291647275 0.2541617453125 0.2953083515625 0.2137912875 0.3062915828125 0.17732765 0.31214930625 0.1395617375 0.31288152187499996 0.097889009375 0.320203675 0.0744480984375 0.325329184375 0.0562675359375 0.3459573296875 0 0.37951312656249997 0 0.40806952812499997
1 0 0.21023055937500001 0.02886855 0.1889963109375 0.0783549171875 0.1824063734375 0.09398219062499999 0.166297634375 0.13174810312500002 0.161904340625 0.1838390140625 0.15018889375 0.23592992656249998 0.1487244625 0.29322992812500004 0.135544584375 0.3023458390625 0.1069881828125 0.163071625 0.12762762968750002 0.09528446406249999 0.1428667390625 0.06923900625 0.1545821859375 0.0249617328125 0.166297634375 0.004125365625 0.1787452953125 0 0.18094194218749998 0 0.21023055937500001
1 0.3818897609375 0 0.397411753125 0.0168318171875 0.40782993593750005 0.0439237875 0.42736402812499996 0.07174797499999999 0.42866630156249996 0.0841956359375 0.49117539531250004 0.094446653125 0.4807572140625 0.0248861875 0.47033903125 0 0.3856912984375 0 0.3818897609375 0
1 0.93655269375 0 0.8727413281249999 0.0066277359374999996 0.8232549625000001 0.011021028125 0.7998140499999999 0.0161465359375 0.7776754125 0.0161465359375 0.7568390484374999 0.026397553125 0.6904231359375 0.0520250921875 0.6526572234375 0.0652049703125 0.590148128125 0.0747237703125 0.5380572171875 0.0974224484375 0.5953572203124999 0.08790364843750001 0.6096822203125 0.0966902328125 0.6214026765625 0.09302915625 0.6422390421874999 0.0974224484375 0.65526176875 0.095225803125 0.6813072250000001 0.081313709375 0.7439816734375 0.052164678124999996 0.7789776859375 0.0410418609375 0.78939586875 0.0425062921875 0.8362776890625 0.037380784375 0.890973146875 0.028594198437500003 0.95217996875 0.013949889062500002 1 0.0183431828125 1 0 0.93655269375 0
1 0.8948799656249999 0.20368755468750002 0.8948799656249999 0.19197210781250001 0.8805549656249999 0.175131153125 0.8805549656249999 0.1670767828125 0.8349754171875 0.14803918124999998 0.806325415625 0.1399848125 0.7752414078125 0.143013278125 0.7933026859375001 0.15243247499999998 0.7933026859375001 0.161951275 0.8349754171875 0.186114384375 0.8948799656249999 0.20368755468750002
1 0.6214026765625 0.25933592656250004 0.6292163125 0.2813023890625 0.616193584375 0.2959466984375 0.6109844953125 0.3157165140625 0.6214026765625 0.3530595015625 0.64744813125 0.328164178125 0.6526572234375 0.30107220625000003 0.6526572234375 0.2776413125 0.6513549515625 0.25421041875 0.650052678125 0.2241895875 0.6449925171875 0.1957640796875 0.605775403125 0.230047309375 0.6109844953125 0.2373694640625 0.6214026765625 0.25933592656250004
1 0.1265390109375 0.0205867625 0.1551890125 0.029373348437500002 0.1916526515625 0.051339810937499994 0.2489526546875 0.0659841203125 0.29843902031249997 0.048410948437500004 0.27239356406250004 0.03449885625 0.2437435625 0.02498005625 0.21769810781249999 0.022783409375 0.17732765 0.0161934703125 0.1369571921875 0.0081391 0.083564009375 0.0052102390625 0.060123096875000004 0.000816946875 0 0 0.001520821875 0.0161934703125 0.03277536875 0.0081391 0.0718435515625 0.0081391 0.1265390109375 0.0205867625
1 0.3804822078125 0.46591454531250004 0.40262084531250003 0.511311903125 0.4338753921875 0.5618347671875 0.43257312031249995 0.511311903125 0.44950266718750004 0.46811119218749997 0.4429913015625 0.4358937140625 0.4247594828125 0.4139272515625 0.3922026625 0.4227138359375 0.37397084375 0.4336970671875 0.38438902656249996 0.452002453125 0.3804822078125 0.46591454531250004
1 0.6578663140625001 0.30107220625000003 0.616193584375 0.317180946875 0.620100403125 0.3435407015625 0.653959496875 0.3325574703125 0.69302768125 0.32596753125 0.746420865625 0.3098587921875 0.76725723125 0.3047332828125 0.8115345046875 0.300339990625 0.8636254187500001 0.2769090984375 0.8922754203125001 0.2578714953125 0.871625584375 0.2470495796875 0.806325415625 0.2571392796875 0.7516299562500001 0.2747124515625 0.7060504078125 0.2834990359375 0.6578663140625001 0.30107220625000003
1 0.4560140296875 0.3274319625 0.461223121875 0.3054654984375 0.44950266718750004 0.2725158046875 0.43517766562500004 0.2483526953125 0.4079395375 0.2309312796875 0.389598115625 0.2571392796875 0.386993571875 0.275444665625 0.40522539062499996 0.3098587921875 0.4560140296875 0.3274319625
4 0 0 0.00021854843749999998 0.0198545484375 0.03277536875 0.010335746875 0.0705412796875 0.00960353125 0.1265390109375 0.0198545484375 0.1603981046875 0.032302209375 0.194257196875 0.050607595312499996 0.25676629218749997 0.06671633437499999 0.31015947499999996 0.09527273750000001 0.355739025 0.11577476874999999 0.27239356406250004 0.10332710625 0.20988447031250002 0.09087944375 0.190350378125 0.08428950625000001 0.1617003765625 0.08502172031250001 0.12914355625 0.08136064374999999 0.02886855 0.0974693828125 0 0.1143103375 0 0.12675799999999998 0.036682187500000005 0.11064926093750001 0.0744480984375 0.10113045937500001 0.1057026453125 0.09820159843750001 0.1551890125 0.10186267499999999 0.1838390140625 0.1113814765625 0.2137912875 0.11577476874999999 0.09267991875 0.1428667390625 0.0666344625 0.1545821859375 0.0249617328125 0.1670298484375 0 0.18167415781250001 0.00282309375 0.20949834374999998 0.0340776421875 0.188264096875 0.075750371875 0.18387080312499998 0.1030981 0.166297634375 0.18644355937499998 0.15018889375 0.23072083437500002 0.1487244625 0.2736958375 0.1428667390625 0.252859471875 0.17435200312500002 0.16300265 0.1780130796875 0.1213299203125 0.186799665625 0.0666344625 0.21535606718750003 0 0.26002120781250004 0 0.34651649687499997 0.0262640046875 0.3128345875 0.067936734375 0.2952614171875 0.097889009375 0.27695603125 0.12263219218750002 0.26670501562500004 0.12914355625 0.2505962765625 0.1838390140625 0.2242365203125 0.246348109375 0.186893534375 0.234627653125 0.2044667046875 0.252859471875 0.22203987343749998 0.2593708375 0.2571862140625 0.2580685640625 0.2930647703125 0.207279925 0.3077090796875 0.138259465625 0.3128345875 0.0744480984375 0.32455003437499996 0.05491400625 0.34358763593749997 0 0.3845917 0 0.408754809375 0.053611734375 0.3743406828125 0.09267991875 0.35749972812499997 0.194257196875 0.3421232046875 0.24244129062500003 0.32162117343749996 0.26197538125 0.31942452656250003 0.2671844734375 0.3421232046875 0.276300384375 0.3186923109375 0.3336003875 0.31137015625000003 0.411022453125 0.321360946875 0.41303902812500004 0.32674668125 0.423457209375 0.3640896671875 0.43908448437500003 0.4014326546875 0.445595846875 0.43584677968749996 0.4377822125 0.4241313328125 0.4260617546875 0.4124158859375 0.379179934375 0.430721271875 0.37787766093749997 0.44902665781250006 0.38438902656249996 0.47392198125 0.4065276625 0.5149260453125 0.423457209375 0.5633461328125 0.42215493750000005 0.5992246890625 0.43127084687500006 0.6307099515625 0.44950266718750004 0.682697246875 0.46252539375 0.6819650328125 0.49377994062499997 0.602885765625 0.5250344890624999 0.5457729625 0.54456858125 0.48353465 0.5732185828125 0.4227607703125 0.6109844953125 0.416903046875 0.646145859375 0.42642184843750003 0.6774004062500001 0.45644267968749996 0.7060504078125 0.473283634375 0.73730495625 0.5142876984375 0.7789776859375 0.55675619375 0.8102322328125 0.5948313953125 0.8349754171875 0.6204589359375 0.88576405625 0.6739106625 0.9079026921875 0.695877125 0.918320875 0.6409609671875 0.9026936031250001 0.5838481640625 0.8675322359375001 0.534057515625 0.8558117812500001 0.512091053125 0.832370871875 0.4930534515625 0.8115345046875 0.47840914218749997 0.7867913234375 0.4425305875 0.8141390515625 0.44838831093750003 0.8375799625000001 0.44838831093750003 0.8584163265625 0.451317171875 0.8141390515625 0.43594064687499995 0.7776754125 0.429350709375 0.736002684375 0.3993298765625 0.6917254078124999 0.3722379046875 0.6565640421875 0.35612916562499997 0.6214026765625 0.3524680890625 0.66307540625 0.332698271875 0.7047481359375001 0.3239116875 0.746420865625 0.3092673796875 0.7998140499999999 0.299654709375 0.846695871875 0.2835459703125 0.8919801843749999 0.2580390953125 0.94436633125 0.29233255625 0.97431860625 0.31137015625000003 1 0.3516420046875 1 0.2762238171875 0.9860390625000001 0.2615795078125 0.9495754234374999 0.23302310468749998 0.950877696875 0.22350430625 0.9235299671874999 0.21691436562500002 0.8974845109375 0.2022700578125 0.8844617828124999 0.171517009375 0.8506026890625 0.151653325 0.8037208703125 0.14213452499999998 0.8766481453124999 0.1370090171875 0.9235299671874999 0.1428667390625 1 0.1648332015625 1 0.1238291390625 0.9717140609375001 0.1194358453125 0.9092049671875 0.11723920000000002 0.8623231453125 0.11357812187500001 0.8115345046875 0.12090027656249999 0.7737685937500001 0.1326157234375 0.746420865625 0.1318835078125 0.7216776828125 0.11211369062500001 0.6839117703125 0.10332710625 0.64744813125 0.09820159843750001 0.694329953125 0.0769673515625 0.74381631875 0.0520720265625 0.7789776859375 0.0403565796875 0.8011163234374999 0.041088795312499996 0.8714390562500001 0.033766640625 0.943064059375 0.013996825 1 0.0191223328125 1 0 0.9417617859374999 0 0.8245572343750001 0.011800178125000001 0.8037208703125 0.014729040625 0.7789776859375 0.0169256859375 0.7386072296874999 0.03449885625 0.6695867703125 0.05792975 0.63702995 0.0674485515625 0.590148128125 0.0747707046875 0.5393594890625 0.0967371671875 0.5224299421875 0.10113045937500001 0.505500396875 0.0996660296875 0.523732215625 0 0.48466403125 0.0264444859375 0.47033903125 0 0.3765753890625 0 0.4013185734375 0.023515625000000002 0.40782993593750005 0.0432854421875 0.423457209375 0.0674485515625 0.42866630156249996 0.08428950625000001 0.4429913015625 0.1047915375 0.44820039375 0.128954646875 0.4468981203125 0.152385540625 0.420852665625 0.1311512921875 0.375273115625 0.10332710625 0.34401856875000003 0.0755029203125 0.3283912953125 0.05939418125 0.3023458390625 0.049143165625 0.26978901875 0.031569993750000004 0.2411390171875 0.022783409375 0.20597765156249997 0.021318978125 0.1669094671875 0.013996825 0.13174810312500002 0.0081391 0.09137764375 0.005942454687499999 0.05491400625 0 0.00282309375 0 0 0