1 0.1354782265625 0 0.1519997453125 0.0034279671875 0.183102421875 0.026013046875 0.2515755359375 0.0463656171875 0.3097765421875 0.07316486875 0.35748640468750004 0.11059033124999999 0.4381242765625 0.135771440625 0.350207846875 0.059916740625 0.2582083609375 0.014582140625 0.1941247578125 0 0.1354782265625 0
1 0.118408921875 0.07570875 0.155268265625 0.08322848125 0.1747172765625 0.0912327796875 0.2286218828125 0.10523383125 0.3181503015625 0.1029407984375 0.21274483125 0.0764616734375 0.1090129765625 0.065437303125 0.0233428765625 0.0888876 0.118408921875 0.07570875
1 0.293382703125 0.101642784375 0.178794634375 0.1082105125 0.0200572765625 0.15158058125 0.0160472375 0.18070750468750002 0.0993135890625 0.15573422812499998 0.18709538125 0.1393796203125 0.2344458703125 0.1362731375 0.314359303125 0.1278881890625 0.35916001875000003 0.126045084375 0.43746715625 0.1483100375 0.4187482796875 0.1263739640625 0.293382703125 0.101642784375
1 0.4276274375 0.1938954859375 0.36687665625 0.16835961093750001 0.30277295625 0.1594120625 0.178423875 0.1626742296875 0.143676225 0.1622501875 0.07527043125 0.1880022734375 0.013637798437500001 0.22668235781249998 0.0099141171875 0.297734403125 0.1038176421875 0.259348559375 0.12006545312500001 0.2336569984375 0.23939369687499998 0.1840305734375 0.2897320375 0.1713016515625 0.3566045515625 0.1748062921875 0.4276274375 0.1938954859375
1 0.602758634375 0.1220475 0.596277528125 0.10354679062500001 0.5071141765625 0.0988739375 0.45007568750000004 0.0972816796875 0.44089309062500004 0.1303285328125 0.420562225 0.1865401953125 0.423763425 0.22023605468750002 0.43148006250000004 0.26255058125 0.4174899703125 0.292551475 0.47897657968749996 0.25665774375 0.540171134375 0.2263367234375 0.5949575953124999 0.176121815625 0.602758634375 0.1220475
1 0.40193574062500004 0 0.4394442109375 0.06319641718749999 0.431210784375 0.0781319625 0.44992966093750003 0.1000680359375 0.5044913906249999 0.10153048906249999 0.542019240625 0.0015159625 0.513092971875 0 0.40193574062500004 0
1 1 0.0257792703125 0.801056828125 0.0346496 0.6425385109375 0.0738401375 0.5743517578125 0.0954126890625 0.6583425484375 0.1040054734375 0.7874318031249999 0.0576846078125 0.8369669984374999 0.0602806375 0.9695495046874999 0.0420829234375 1 0.044453464062499996 1 0.0257792703125
1 0.56930245 0.2865375921875 0.5832811546875 0.35153236250000003 0.57729975625 0.41827507343750003 0.6076106718750001 0.3611894390625 0.6198541375 0.31712697031250003 0.6484127359375 0.29347759375 0.6596397078125 0.2214217765625 0.565303796875 0.2206688515625 0.56930245 0.2865375921875
1 1 0.3115121140625 0.94876348125 0.24914714531249998 0.863829209375 0.21116783749999998 0.7453828203125 0.1965783015625 0.784061803125 0.21676643125 0.8579995296874999 0.2276263609375 0.9540033593749999 0.29133187031249996 1 0.357884034375 1 0.3115121140625
1 0.139070690625 0.2975181921875 0.0940509359375 0.3035408296875 0.065638365625 0.32440385312500003 0.006701531249999999 0.35903420625 0.0059713984375 0.37296598125 0.0592245796875 0.3520077953125 0.1396491046875 0.33387060625 0.247537028125 0.3129816984375 0.2412749625 0.2903014578125 0.1887519140625 0.29732786718750004 0.139070690625 0.2975181921875
1 0.6245886171875 0.3215661046875 0.612929259375 0.35448315625000004 0.6732476546874999 0.3408802640625 0.7586987109375001 0.3216095 0.8009496546875001 0.32102976875 0.8338776640625 0.30878541406250004 0.907821084375 0.2721475140625 0.8783190062499999 0.2664103640625 0.8485248750000001 0.2662459234375 0.6245886171875 0.3215661046875
4 0.13235475937500002 0 0.154330478125 0.006344125000000001 0.205393259375 0.027181259375 0.261263534375 0.05106435625 0.3120342625 0.0774742015625 0.3452486328125 0.10715497031250001 0.3055474625 0.10647132343750002 0.1954075140625 0.0755530640625 0.10646320312499999 0.066700678125 0.0262577171875 0.0806583375 0.0205740640625 0.09433050781249999 0.0808924578125 0.080727615625 0.133123453125 0.07927391406249999 0.1723135296875 0.0897098015625 0.22366836406249999 0.10497422812499999 0.143389865625 0.12032506406250001 0.017434490625 0.154237134375 0.0161202515625 0.1793143265625 0.0840149515625 0.163314484375 0.154678465625 0.1418717328125 0.2792465859375 0.13443003281250002 0.2556415078125 0.1583390125 0.3126069828125 0.161324446875 0.3236822359375 0.1395528140625 0.3619961515625 0.16670683125000002 0.2058872734375 0.1599225140625 0.1284506 0.16843726406249998 0.013929851562500001 0.221109646875 0.009768090625 0.3005207578125 0.1040366828125 0.2551690265625 0.1300455046875 0.2327830265625 0.23677090937499998 0.1866871265625 0.2631391078125 0.2048330703125 0.2706367078125 0.25132712968750004 0.2758271625 0.2856791453125 0.21126179218750002 0.29431655 0.0864016171875 0.307330959375 0.0070665984375 0.3520683203125 0.0055333171875 0.3813250453125 0.0592245796875 0.3520077953125 0.20484800625 0.32192049375 0.35476783125 0.3046313890625 0.4232409453125 0.324983959375 0.43372639687500003 0.361855578125 0.4449362875 0.43229325625000004 0.4188601453125 0.40857460156250003 0.378282815625 0.42460908281250004 0.4125079859375 0.5297810328125 0.42422896874999994 0.5904664671875001 0.4385670484375 0.6959931828125 0.46552504531250005 0.655495875 0.45344468750000005 0.5542784953125001 0.4769094296875 0.4856580390625 0.5048052140625 0.5220450890625 0.4880406171875 0.6049867250000001 0.49640868125 0.6822604875 0.514043746875 0.63009855625 0.547202184375 0.51867900625 0.5700098078125 0.46259714531249996 0.5968217796874999 0.4248861953125 0.631496415625 0.426703415625 0.6742527593750001 0.4638692765625 0.7594733921875 0.54377370625 0.80528490625 0.6174217828125 0.911482134375 0.72357161875 0.8991827359375 0.6265337703125 0.8592739140625 0.5350339921875 0.8069756 0.4903830390625 0.77405328125 0.4551295609375 0.8550562218750001 0.47334478437499994 0.8214037703124999 0.45202308125 0.7747104015625 0.442590965625 0.7385081796875 0.4225326375 0.661807334375 0.3696177828125 0.6124181671875 0.3642353984375 0.617882778125 0.354742759375 0.7536721796875 0.32274307343749997 0.8134794796874999 0.318892421875 0.9076020437500001 0.2763270453125 0.8885911125 0.259963684375 0.8582831859375 0.2663614421875 0.8432119828125 0.22545437499999998 0.8748987671874999 0.23689403593749997 0.9440963203124999 0.2908126640625 1 0.355507221875 1 0.300632059375 0.9581594250000001 0.25941859218749996 0.922989753125 0.2398718046875 0.8971222843750001 0.1919575953125 0.8244988 0.156020471875 0.8866368343750001 0.1550859765625 0.9604285328125 0.1687322625 1 0.18252975 1 0.1465829359375 0.9892061703125 0.14090335468749998 0.9469552265625 0.1414830828125 0.8606337015625 0.12997414375 0.7979845765625 0.14066088125 0.749325540625 0.1213467234375 0.685805946875 0.10125375625 0.782551296875 0.056031828125 0.81707990625 0.060635404687500005 0.9619732000000001 0.0444798734375 1 0.045622625 1 0.027086384375 0.8212359734374999 0.028722124999999998 0.6601678828125 0.0691760375 0.5415697734375 0.10487069062500001 0.5219747359375 0.0996527453125 0.5406319875000001 0.027986332812499997 0.5345889625 0.0011265578125 0.5061763906250001 0.021989578125 0.4850540375 0 0.40860042031250005 0 0.4372595046875 0.0574939046875 0.4363833453125 0.074212034375 0.442572396875 0.098285453125 0.43302473125 0.13829819375000002 0.35275761875 0.058653365624999995 0.3043176234375 0.035159675 0.280353171875 0.0185367078125 0.22877929687499998 0.0074518125 0.20061808593750002 0 0.13235475937500002 0
1 0.4748262078125 0.24107319062500002 0.48421076406249997 0.34634030312499997 0.4665757015625 0.39850223281249997 0.4847777921875 0.477688378125 0.52032289375 0.510285303125 0.54866814375 0.44331762656249996 0.545107571875 0.3690898234375 0.5455513453124999 0.3132329265625 0.5448326 0.2321690375 0.4748262078125 0.24107319062500002
1 0.2517774953125 0.18467957968749998 0.2698392515625 0.21915425000000002 0.26211122656249997 0.2718353859375 0.2666939875 0.32655870781249996 0.295915396875 0.242872903125 0.31967219375 0.1686797375 0.33111251406250003 0.13994221874999999 0.2943991984375 0.12963613125 0.2517774953125 0.18467957968749998
1 0.8618236874999999 0.5337706171875001 0.8139678 0.49913150625 0.7716495359375 0.45360658281250005 0.660049321875 0.45055187031250005 0.6599763078125 0.451945046875 0.7550309640624999 0.5337618625 0.8036843062499999 0.600573853125 0.8408300093750001 0.65001870625 0.9016481093750001 0.7216592359375 0.9063882828125 0.6786005390625001 0.8999858828124999 0.61120881875 0.8793013406249999 0.579390703125 0.8618236874999999 0.5337706171875001