1 0.46788783437500003 0.562059446875 0.5304044875 0.3966380390625 0.5324074078125001 0.21647135468749998 0.43981481406249995 0.2685546875 0.4551529625 0.3022521953125 0.44010265625 0.4012780453125 0.45862610937500004 0.5386257203125 0.46788783437500003 0.562059446875
1 0.2604166671875 0.2799479171875 0.2633101859375 0.341796875 0.2919113875 0.23772599843750003 0.30348854531249997 0.186952925 0.3162270671875 0.158311703125 0.2872841734375 0.1374817234375 0.271990740625 0.1399739578125 0.234375 0.20345052031250002 0.25023361875 0.21494320937500003 0.2606530609375 0.246188178125 0.2604166671875 0.2799479171875
1 0 0.1224684515625 0.0731031046875 0.10098753593750001 0.10899229375 0.097081915625 0.15182777812499998 0.10098753593750001 0.1703512296875 0.1101006515625 0.20160955625 0.11530814687499999 0.275703365625 0.1048931578125 0.21318671406249998 0.0892706734375 0.18424381875 0.08276130468750001 0.16224721875 0.084714115625 0.112465440625 0.084714115625 0.0812071140625 0.0866669265625 0.044160209374999995 0.09317629375 0 0.10879877812500001 0 0.1224684515625
1 0 0.3287760421875 0.0279521890625 0.308068903125 0.0800494 0.283333303125 0.0950997046875 0.2748711234375 0.114780871875 0.25989957656249996 0.12404259843750001 0.24753177656249997 0.171508946875 0.2221452390625 0.2374987453125 0.18565104999999998 0.27223021875 0.18239636718750002 0.3278005765625 0.18174542968750002 0.378740071875 0.1908585453125 0.4238909859375 0.1999716625 0.4238909859375 0.1921604203125 0.37410920625 0.1791416828125 0.3278005765625 0.171330440625 0.2895959546875 0.1687266921875 0.2456027546875 0.1726323140625 0.21087128281249998 0.1739341875 0.1703512296875 0.176537934375 0.1390929046875 0.18044355625 0.11863425937500001 0.1839192703125 0 0.2506510421875 0 0.3287760421875
1 0.8708653296875 0.2468437515625 0.89749279375 0.26637185625000004 0.9264356875 0.2930602671875 0.9449591406250001 0.301522446875 0.9623248765625 0.3119374359375 0.9982638890625 0.3531901046875 0.99937178125 0.2806924671875 0.94611685625 0.2305703296875 0.9345396984375001 0.21559878281249997 0.90212365625 0.2090894140625 0.8558150250000001 0.187608496875 0.6972079640625 0.1745897609375 0.7458320265625 0.19216505625 0.7620400468749999 0.19737255 0.8210835515625 0.20323098125 0.839607003125 0.2090894140625 0.8477110140624999 0.225362834375 0.8708653296875 0.2468437515625
1 1 0.002929478125 0.9079122343750001 0.0013018734375 0.876461103125 0.0028387968749999997 0.7724594875 0.0163286578125 0.7458320265625 0.0254417734375 0.71688913125 0.039111446875 0.6752113625 0.052781121875 0.6335335953125 0.0638470484375 0.5999598374999999 0.0657998578125 0.5860672484375 0.07100735312499999 0.5872249640625 0.0820732796875 0.593171296875 0.1119789578125 0.6647919203125 0.08793171093749999 0.713415984375 0.064497984375 0.740043446875 0.0495264359375 0.7689863421875 0.040413321875000005 0.8268721296875 0.0384605109375 0.91138538125 0.0254417734375 0.94148599375 0.014375846875 1 0.0159503109375 1 0.002929478125
1 0.372967628125 0 0.383387071875 0.0098223796875 0.4158031125 0.0664538859375 0.4158031125 0.07947262187500001 0.426222553125 0.0937932328125 0.43548428125000005 0.0846801171875 0.44243057500000005 0.0781707484375 0.4470614390625 0.06450107499999999 0.463269459375 0.043671095312500005 0.4783197640625 0.024142990625 0.46905803749999997 0 0.4108796296875 0 0.372967628125 0
1 0 0 0 0.028733545312499997 0.019848178124999998 0.0267807359375 0.0233213265625 0.012460124999999999 0.0476333578125 0.0111582515625 0.070787671875 0.0105073140625 0.1460391984375 0.025478860937499997 0.17498209375 0.0424032203125 0.22476387187500002 0.059327578125 0.2571799125 0.0729972515625 0.3359045875 0.1081478421875 0.4042098171875 0.1289778203125 0.3810555015625 0.1081478421875 0.348639459375 0.0853650515625 0.32201199687500004 0.0580257046875 0.2849650921875 0.046308840625 0.253706765625 0.0300354203125 0.22707930312500002 0.022224178125 0.1935055453125 0.01896949375 0.165720365625 0.012460124999999999 0.085837978125 0.0046488828125 0.0765762515625 0 0 0
1 0.5524010875 0.3393555953125 0.5558742343749999 0.36409119687499997 0.5489279406249999 0.3875249234375 0.5535588031249999 0.4363451859375 0.5859748453125 0.382968365625 0.599867434375 0.369298690625 0.6010251515625 0.351723396875 0.632283478125 0.3465159015625 0.64501835 0.3113653109375 0.6542800765625 0.2651487953125 0.64733378125 0.2241397734375 0.636914340625 0.19614948906250002 0.6126023093749999 0.2026588578125 0.613760025 0.21307384843750002 0.60334058125 0.212422909375 0.5674513921875 0.21502665781250002 0.5581896671875 0.2234888375 0.5324074078125001 0.21321614531250002 0.52808905625 0.24171506874999998 0.5489279406249999 0.2781675328125 0.5524010875 0.3393555953125
1 0 0.404296875 0.050347221875 0.3759765625 0.061542082812499996 0.366619221875 0.0870118296875 0.3620626640625 0.253722903125 0.3217045796875 0.26645777656249997 0.32040270625 0.2907698078125 0.31389333750000004 0.32550128125 0.3093367796875 0.368336765625 0.314544275 0.4079861109375 0.3251953125 0.44821915468749995 0.347742053125 0.4516923015625 0.3405817484375 0.45285001718749995 0.32365738906249997 0.4389574265625 0.31975176875 0.41319444375 0.314453125 0.3697916671875 0.30078125 0.3185549859375 0.29111054687500004 0.26761549375000004 0.29111054687500004 0.19965277812499999 0.306640625 0.1197916671875 0.3125 0.065972221875 0.326171875 0.050347221875 0.3466796875 0.015625 0.3671875 0 0.37109375 0 0.404296875
1 0.8256344984374999 0.18366424374999998 0.8557351093750001 0.19017361093750001 0.8858357187499999 0.2012395375 0.878889425 0.1817114328125 0.8696276984375 0.167390821875 0.858050540625 0.1563248953125 0.8348962249999999 0.149164590625 0.8105841937499999 0.142655221875 0.7955338890625 0.1407024109375 0.7829773265625 0.142770040625 0.7862721609375 0.1504664640625 0.7909030265625 0.1634852 0.807111046875 0.1745511265625 0.8256344984374999 0.18366424374999998
1 0.42390712343750003 0.15567395781249999 0.42390712343750003 0.18366424374999998 0.421591690625 0.1999376640625 0.43316884843750003 0.2188148328125 0.4296957015625 0.25656917031250004 0.42390712343750003 0.28911601249999996 0.45748087968749995 0.2650313484375 0.465584890625 0.2526635484375 0.5223129640625 0.21946576874999998 0.5454672796875 0.20644703281250001 0.570937028125 0.1778058109375 0.5952490593750001 0.1459099046875 0.5871450484375 0.135494915625 0.6010376374999999 0.116617746875 0.59061819375 0.0743068515625 0.5443095640625 0.0899293375 0.5315746906250001 0.09839151562500001 0.5061049421875 0.09839151562500001 0.4725311859375 0.091882146875 0.443710315625 0.0880588921875 0.42853798593750003 0.0964387046875 0.4296957015625 0.111410253125 0.43085341718750003 0.129636484375 0.42390712343750003 0.15567395781249999
1 0.393823084375 0.5008008187499999 0.40852812656250004 0.527512984375 0.41531506875 0.5485011140625 0.4322824234375 0.530693003125 0.4368070515625 0.5116128875 0.44246283750000004 0.4810846984375 0.44020052187500003 0.45055650937499997 0.44246283750000004 0.43974444375 0.43567589531250006 0.437200428125 0.430020109375 0.4219363328125 0.43115126718749996 0.4219363328125 0.4221020109375 0.4111242671875 0.3892984578125 0.4225723375 0.3734622609375 0.43147639218749995 0.3745934171875 0.4543725328125 0.3779868875 0.46582060312499995 0.38364267343749997 0.47917668593749996 0.393823084375 0.5008008187499999
4 1 0.000743446875 0.9231491296875 0.0007805 0.8266249703125 0.0104453125 0.7671237765625001 0.0156494421875 0.7327453078125 0.034979067187500004 0.6877888484375 0.048361115625 0.621676409375 0.0684341859375 0.58465344375 0.07512521093749999 0.5476304796875 0.089994153125 0.5304412453125 0.099658965625 0.501351771875 0.098172071875 0.5132520109375001 0.0439004328125 0.510737228125 0.0008922218750000001 0.4775512953125 0.024666115625000002 0.46565105625000003 0.00161925625 0.374415890625 0.000875809375 0.399538615625 0.035817821875 0.414083353125 0.06927294218749999 0.41672785 0.0833984375 0.43127258749999997 0.09455014375000001 0.42598359218750004 0.10793219218750001 0.427305840625 0.14956523125 0.3691268953125 0.0975239328125 0.314914696875 0.0573777890625 0.2673137390625 0.0373047171875 0.23557976875 0.022435774999999998 0.17740082343750002 0.0179750921875 0.15095584687500002 0.0112840671875 0.0597206828125 0.000875809375 0 0.000875809375 0 0.029870245312499998 0.016086471875 0.030613692187500003 0.029308959375 0.0202054328125 0.020053218749999997 0.0112840671875 0.054431687500000006 0.0090537265625 0.091454653125 0.015001303125 0.145666853125 0.02392266875 0.17740082343750002 0.045482634375 0.23557976875 0.061838471875 0.280536228125 0.084141884375 0.3426819203125 0.113136321875 0.3016922078125 0.10644529843749999 0.2778917296875 0.104958403125 0.213101540625 0.0893460140625 0.185334315625 0.0833984375 0.1522780953125 0.0833984375 0.10864388750000001 0.084141884375 0.0769099171875 0.086372225 0.0253422140625 0.0990108265625 0 0.113136321875 0 0.12205768749999998 0.026664464062499997 0.113136321875 0.0689764234375 0.10198461562500001 0.1033548921875 0.0975239328125 0.1536003453125 0.10198461562500001 0.1694673296875 0.111649428125 0.2064902953125 0.11611011093750001 0.104677140625 0.136926628125 0.0557539359375 0.156256253125 0 0.17558587812499998 0.00021948750000000002 0.2053237640625 0.029308959375 0.1897113734375 0.066331925 0.18153345625 0.091454653125 0.1659210671875 0.1826898171875 0.14956523125 0.230290775 0.14956523125 0.2618026875 0.1426046359375 0.25673575 0.1703817484375 0.16814508125 0.1763293265625 0.1152551296875 0.18302035 0.0769099171875 0.20681065781250002 0.002863984375 0.25216093125 0 0.261082296875 0 0.33468356093749996 0.016086471875 0.3116367 0.066331925 0.29230707499999997 0.0901324046875 0.2774381328125 0.1099661359375 0.269260215625 0.1231886234375 0.24695680156250002 0.172111828125 0.225396834375 0.2038457984375 0.2082975515625 0.24086876406250002 0.1882244796875 0.23954651562499998 0.20681065781250002 0.25673575 0.219449259375 0.2580579984375 0.253647825 0.26202474531250003 0.294537415625 0.18797881249999998 0.30940635781250003 0.1337666125 0.3116367 0.066331925 0.3250187484375 0.050464940624999996 0.34880905625 0 0.3748297046875 0 0.40308069375000005 0.0557539359375 0.3688821265625 0.111288384375 0.3562435265625 0.18401206718750002 0.3376573484375 0.259380246875 0.3190711703125 0.26334699375000004 0.3443483734375 0.27260273437500004 0.3175842765625 0.318881440625 0.312380146875 0.36516015 0.31386704062500004 0.4101166078125 0.323531853125 0.41805009843749996 0.36219110312499997 0.43523933281250005 0.399363459375 0.445817325 0.4447613875 0.42598359218750004 0.4113062671875 0.366482396875 0.432122784375 0.3783826375 0.4611172234375 0.3929273734375 0.49159855468749997 0.3968941203125 0.5020544671875 0.373093640625 0.51469306875 0.399538615625 0.5072585984375 0.4101166078125 0.5332792468750001 0.41540560312499997 0.5600433421875 0.4233390953125 0.5995413468749999 0.4220168453125 0.6255619953125 0.433917084375 0.6605040109375 0.433917084375 0.678346740625 0.455073065625 0.6790901890625001 0.47094005 0.6411743859375 0.49341827968749996 0.5987979 0.51854100625 0.548243496875 0.5264744984374999 0.506610459375 0.5370524890625 0.47984636406250003 0.5568862203125 0.4463435890625 0.58465344375 0.4210663875 0.6150651671875 0.42032294062500003 0.63886564375 0.429987753125 0.6626661234375 0.44485669375 0.6745663609375 0.45823874218749994 0.6772108593749999 0.46418631875000005 0.6957223421875 0.47385113125 0.7327453078125 0.51251038125 0.7208450671875 0.5303531125000001 0.744645546875 0.524405534375 0.7697682718750001 0.560090996875 0.8015022437500001 0.5957764578125 0.853069946875 0.6522784390624999 0.8967041546875001 0.6968852640625001 0.9072821453125 0.6463308609375 0.8993486531249999 0.5972633515625 0.8623256874999999 0.5377875828125 0.8147247312499999 0.48351594374999995 0.785635259375 0.4679035546875 0.77373501875 0.43890911875 0.8054689890625 0.4500608234375 0.82794721875 0.44931737656250004 0.8438142046875001 0.4530346140625 0.831913965625 0.44188290625000004 0.8054689890625 0.43296154062500003 0.7644792781249999 0.4262705171875 0.71952281875 0.3995064203125 0.6758886093750001 0.36605129999999997 0.6375433953125 0.35712993593750003 0.6044871765625001 0.351182359375 0.6031649265625 0.343004440625 0.6269658437500001 0.3361686890625 0.6441546390624999 0.334083075 0.690433346875 0.325161709375 0.7512567906250001 0.3065755328125 0.7935687515625001 0.3043451921875 0.82794721875 0.2879893546875 0.8570366921874999 0.29458507031250003 0.8676146828125001 0.271538209375 0.8861266046875 0.26182397812499997 0.863648375 0.2402640125 0.7975359359375 0.2558764015625 0.7380347406250001 0.27371913281250004 0.724812253125 0.278179815625 0.698367278125 0.27743636875 0.6494440734375 0.28189705 0.648121825 0.258850190625 0.6507663234375001 0.229855753125 0.637543834375 0.19417029218749998 0.6719223015625 0.192683396875 0.68250029375 0.1852489265625 0.7129120140625 0.1837620328125 0.72084550625 0.197887528125 0.7287790000000001 0.2082957875 0.7433237359375 0.220190940625 0.759190721875 0.25067227187499996 0.7644797171875 0.22613851718750003 0.7671242140625 0.2082957875 0.7644797171875 0.1956571859375 0.7909246921875 0.20234820937500003 0.8292699062500001 0.2016047625 0.8411701453125 0.2045785515625 0.8517481359374999 0.2209343875 0.8649706234375 0.241007459375 0.90992708125 0.27669292031250003 0.94959410625 0.3042498828125 1 0.3607518625 1 0.279716128125 0.9786835796875 0.2641037390625 0.945627359375 0.23733964375 0.9390161156250001 0.2239575953125 0.9046376468749999 0.2120624421875 0.8874484125000001 0.20462797031250002 0.8729036765625 0.170429403125 0.8543921937500001 0.15258667343750001 0.8094361749999999 0.142121934375 0.7926165140625 0.1414464328125 0.8557144421875 0.1377177296875 0.9297603750000001 0.141434965625 1 0.170429403125 0.999839559375 0.12879636562500002 0.97603908125 0.119875 0.9178601359374999 0.119875 0.8729036765625 0.1161577640625 0.853069946875 0.11244052812500001 0.7763795171875 0.1273094703125 0.7327453078125 0.12879636562500002 0.703655834375 0.10946674062499999 0.66795511875 0.0982673796875 0.6375433953125 0.0982673796875 0.6705996140625 0.08488533125 0.7115893265625 0.064812259375 0.7340675562500001 0.052173659375 0.7697682718750001 0.0417654 0.8200137249999999 0.0387916109375 0.8808371703125 0.029031490625 0.92182688125 0.019366678125 0.9416606125 0.0126756546875 1 0.0156494421875 1 0.000743446875