1 0.2986111109375 0.2939453125 0.296875 0.2763671875 0.3107638890625 0.234375 0.3107638890625 0.1923828125 0.31944444375000003 0.1787109375 0.31944444375000003 0.1630859375 0.296875 0.1416015625 0.27777777812500004 0.138671875 0.2638888890625 0.1474609375 0.25694444375000003 0.177734375 0.24305555625 0.1923828125 0.24305555625 0.20703125 0.2638888890625 0.255859375 0.2638888890625 0.2939453125 0.27430555624999997 0.30078125 0.28819444375000003 0.30078125 0.2986111109375 0.2939453125
1 0 0.328125 0.0364583328125 0.3037109375 0.105902778125 0.2685546875 0.121527778125 0.25 0.1458333328125 0.2353515625 0.23958333281250002 0.1865234375 0.27777777812500004 0.1806640625 0.27777777812500004 0.1689453125 0.26215277812500004 0.1689453125 0.1302083328125 0.1806640625 0 0.2490234375 0 0.263671875 0.012152778125 0.2587890625 0.012152778125 0.2646484375 0 0.271484375 0 0.328125
1 0 0.2041015625 0.090277778125 0.1708984375 0.125 0.1630859375 0.19618055625 0.15625 0.2864583328125 0.1396484375 0.3229166671875 0.1416015625 0.34722222187499996 0.1337890625 0.390625 0.1337890625 0.38194444375000003 0.126953125 0.3541666671875 0.1181640625 0.25868055624999997 0.1123046875 0.206597221875 0.1181640625 0.105902778125 0.1396484375 0.0295138890625 0.1640625 0.013888889062500001 0.1796875 0 0.18359375 0 0.2041015625
1 0 0.1220703125 0.047123015625 0.110212053125 0.0744047625 0.09765625 0.13640873125 0.0962611609375 0.19965277812499999 0.1201171875 0.29340277812500004 0.1142578125 0.26215277812500004 0.1103515625 0.24305555625 0.1005859375 0.203125 0.0908203125 0.1111111109375 0.0859375 0.074652778125 0.087890625 0.013888889062500001 0.1005859375 0 0.107421875 0 0.1220703125
1 0.010416667187500001 0 0 0.001953125 0 0.006975446875000001 0.027281746875000002 0.0139508921875 0.0570436515625 0.0111607140625 0.121527778125 0.0181361609375 0.1810515875 0.0390625 0.2132936515625 0.053013392187499994 0.2554563484375 0.0669642859375 0.28025793593750004 0.0837053578125 0.30034722187499996 0.09375 0.34722222187499996 0.1162109375 0.37152777812500004 0.1171875 0.3802083328125 0.11328125 0.3229166671875 0.0595703125 0.25868055624999997 0.029296875 0.230902778125 0.021484375 0.1232638890625 0.0048828125 0.074652778125 0 0.010416667187500001 0
1 0.37847222187499996 0 0.4236111109375 0.0771484375 0.4322916671875 0.0830078125 0.46875 0.0888671875 0.48090277812500004 0.076171875 0.5017361109375 0.0263671875 0.45386904687499996 0 0.37847222187499996 0
1 0.921875 0 0.8263888890625 0.0107421875 0.7586805562500001 0.0263671875 0.7083333328125 0.0478515625 0.609375 0.0751953125 0.590277778125 0.0869140625 0.6388888890625 0.0966796875 0.753472221875 0.05078125 0.8368055562500001 0.0419921875 0.9392361109375 0.015625 1 0.015625 1 0.00390625 0.980902778125 0 0.921875 0
1 0.5104166671875 0.4794921875 0.5243055562500001 0.4814453125 0.543402778125 0.466796875 0.5520833328125 0.4345703125 0.5520833328125 0.3955078125 0.5364583328125 0.2998046875 0.53125 0.2900390625 0.515625 0.2841796875 0.49652777812500004 0.2666015625 0.48090277812500004 0.2646484375 0.46875 0.2763671875 0.4670138890625 0.30078125 0.47222222187499996 0.330078125 0.49131944375 0.35546875 0.48090277812500004 0.3603515625 0.4548611109375 0.40625 0.48090277812500004 0.4150390625 0.49652777812500004 0.46875 0.5104166671875 0.4794921875
1 0.6319444437499999 0.263671875 0.612847221875 0.2373046875 0.5868055562500001 0.2255859375 0.565972221875 0.224609375 0.5572916671875 0.232421875 0.578125 0.3544921875 0.5833333328125 0.3740234375 0.5954861109375 0.3818359375 0.6232638890625 0.373046875 0.6423611109375 0.357421875 0.640625 0.326171875 0.6319444437499999 0.3046875 0.6319444437499999 0.263671875
1 0.9635416671874999 0.3125 0.987847221875 0.3427734375 1 0.34765625 0.9982638890625 0.279296875 0.9444444437499999 0.232421875 0.8923611109375 0.2021484375 0.8541666671874999 0.1884765625 0.8107638890625 0.1826171875 0.7135416671875 0.17578125 0.612847221875 0.17578125 0.621527778125 0.1796875 0.6163194437499999 0.18359375 0.6631944437499999 0.1806640625 0.71875 0.1845703125 0.777777778125 0.1982421875 0.8350694437499999 0.2021484375 0.8645833328125001 0.2421875 0.9201388890625 0.2880859375 0.9635416671874999 0.3125
1 0.7569444437499999 0.130859375 0.706597221875 0.12890625 0.668402778125 0.1357421875 0.6423611109375 0.146484375 0.6423611109375 0.1728515625 0.6510416671875 0.16015625 0.7604166671875 0.1416015625 0.7638888890625 0.138671875 0.7569444437499999 0.13671875 0.7673611109375 0.134765625 0.7569444437499999 0.130859375
1 0.7673611109375 0.142578125 0.784722221875 0.150390625 0.8229166671874999 0.18359375 0.8958333328125001 0.203125 0.878472221875 0.171875 0.8663194437499999 0.162109375 0.8263888890625 0.1455078125 0.7916666671875 0.138671875 0.7673611109375 0.142578125
1 0.2638888890625 0.3173828125 0.2760416671875 0.3203125 0.28125 0.3154296875 0.34375 0.310546875 0.40277777812500004 0.3212890625 0.390625 0.3076171875 0.3576388890625 0.2978515625 0.3177083328125 0.291015625 0.27256944375000003 0.291015625 0.17534722187500001 0.3095703125 0.1302083328125 0.3125 0.07638888906249999 0.3232421875 0.0451388890625 0.349609375 0.0017361109374999999 0.3740234375 0 0.400390625 0.0607638890625 0.3662109375 0.24826388906250002 0.3193359375 0.2638888890625 0.3173828125
4 0.37450396874999997 0 0.43402777812500004 0.107421875 0.446428571875 0.149274553125 0.414186509375 0.129743303125 0.32242063593750003 0.05859375 0.2455357140625 0.0237165171875 0.1140873015625 0.004185267187499999 0.0099206359375 0 0 0.009765625 0.071924603125 0.012555803125 0.16865079375 0.0390625 0.30257936406249997 0.0864955359375 0.3571428578125 0.1171875 0.272817459375 0.104631696875 0.178571428125 0.0837053578125 0.0917658734375 0.0823102671875 0.049603175 0.090680803125 0.007440475 0.10323660781249999 0 0.107421875 0 0.119977678125 0.05208333281250001 0.10881696406250001 0.09920634843750001 0.09765625 0.13888888906250002 0.100446428125 0.20833333281250002 0.114397321875 0.133928571875 0.1325334828125 0.0818452375 0.1422991078125 0.0446428578125 0.15485491093749998 0.007440475 0.16741071406250002 0 0.2008928578125 0.027281746875000002 0.1911272328125 0.0818452375 0.168805803125 0.1314484125 0.1604352671875 0.22569444375 0.1506696421875 0.2678571421875 0.139508928125 0.252976190625 0.168805803125 0.203373015625 0.172991071875 0.121527778125 0.182756696875 0.084325396875 0.205078125 0.0099206359375 0.2483258921875 0 0.33063616093750003 0.09920634843750001 0.27483258906249997 0.1463293640625 0.23716517812500001 0.1984126984375 0.20786830312500001 0.25049603125000003 0.185546875 0.25049603125000003 0.2287946421875 0.265376984375 0.27204241093750003 0.262896825 0.29157366093750003 0.2752976203125 0.2887834828125 0.30257936406249997 0.2329799109375 0.3174603171875 0.168805803125 0.384424603125 0.1953125 0.44890873124999997 0.26088169687499996 0.40674603125 0.2357700890625 0.3918650796875 0.25251116093750003 0.38194444375000003 0.2790178578125 0.396825396875 0.30552455312500004 0.3075396828125 0.2873883921875 0.11160714218750001 0.3180803578125 0.0744047625 0.322265625 0.0421626984375 0.3459821421875 0 0.3850446421875 0 0.403180803125 0.062003968750000006 0.3655133921875 0.215773809375 0.3264508921875 0.3149801578125 0.30970982187499996 0.372023809375 0.31389508906249997 0.42410714218749995 0.33342633906249997 0.42410714218749995 0.36969866093750003 0.4315476203125 0.41015625 0.43402777812500004 0.41573660781250005 0.4389880953125 0.43805803593750003 0.429067459375 0.412946428125 0.37946428593750003 0.42829241093750003 0.372023809375 0.44503348281250005 0.396825396875 0.5022321421875 0.429067459375 0.6026785718750001 0.43402777812500004 0.6584821421875 0.45634920625 0.654296875 0.46626984218749995 0.478515625 0.48115079375 0.461774553125 0.5114855609375 0.481275475 0.4985119046875 0.48828125 0.5059523796875001 0.6026785718750001 0.5357142859375 0.6040736609375 0.5505952375 0.49246651718749995 0.5952380953125 0.43108258906249997 0.6001984125 0.419921875 0.6671626984375 0.44921875 0.8333333328125001 0.6180245531249999 0.8978174593749999 0.6905691968750001 0.9002976203124999 0.6082589281249999 0.84325396875 0.5064174109375 0.7762896828125 0.44782366093750003 0.8134920640625 0.44782366093750003 0.8184523796875001 0.442243303125 0.773809525 0.422712053125 0.753968253125 0.41573660781250005 0.664682540625 0.3571428578125 0.652281746875 0.3473772328125 0.652281746875 0.33063616093750003 0.8010912687499999 0.29436383906249997 0.877976190625 0.26506696406249997 0.922619046875 0.2887834828125 0.972222221875 0.32924107187499996 0.997023809375 0.3473772328125 1 0.2873883921875 0.9449404749999999 0.2301897328125 0.8978174593749999 0.2036830359375 0.8482142859374999 0.1911272328125 0.8110119046875001 0.1911272328125 0.8382936515624999 0.2134486609375 0.8680555562500001 0.2399553578125 0.79365079375 0.263671875 0.7440476203124999 0.27483258906249997 0.7043650796875001 0.27483258906249997 0.632440475 0.2776227671875 0.63740079375 0.198102678125 0.6994047625 0.1897321421875 0.71924603125 0.2162388390625 0.7440476203124999 0.224609375 0.7638888890625 0.2036830359375 0.78125 0.198102678125 0.8134920640625 0.18415178593749998 0.6299603171875 0.17578125 0.672123015625 0.1618303578125 0.6894841265625 0.1506696421875 0.7043650796875001 0.17438616093749998 0.7043650796875001 0.1715959828125 0.7490079359374999 0.129743303125 0.76884920625 0.1813616078125 0.7862103171875 0.17717633906250002 0.773809525 0.1409040171875 0.8134920640625 0.17578125 0.8953373015625001 0.1953125 0.87549603125 0.16741071406250002 0.8358134906249999 0.149274553125 0.7986111109375 0.139508928125 0.8581349203125 0.13811383906250002 0.9375 0.1422991078125 1 0.163225446875 1 0.1311383921875 0.9548611109375 0.12137276718750001 0.8928571421875 0.11858258906250001 0.8482142859374999 0.11579241093749999 0.8035714281249999 0.11858258906250001 0.76140873125 0.12276785781249999 0.7366071421875 0.126953125 0.721726190625 0.11858258906250001 0.672123015625 0.104631696875 0.6547619046875 0.10184151718750001 0.709325396875 0.0697544640625 0.76884920625 0.0502232140625 0.87549603125 0.036272321875 0.9300595250000001 0.0181361609375 0.9821428578125 0.0139508921875 0.997023809375 0.005580357812500001 0.8978174593749999 0.005580357812500001 0.7787698421875 0.01953125 0.6770833328125 0.0502232140625 0.56299603125 0.0864955359375 0.5505952375 0.094866071875 0.518353175 0.09765625 0.5059523796875001 0.068359375 0.53075396875 0.0139508921875 0.523313490625 0 0.48115079375 0.022321428125 0.4637896828125 0 0.37450396874999997 0