1 0.27189374375 0.32397853906249996 0.2677281265625 0.306813103125 0.2756376671875 0.2632966203125 0.269793484375 0.22171309843749998 0.27648680312499996 0.2069661765625 0.2743122234375 0.1914932390625 0.2489723765625 0.1733590078125 0.2296532734375 0.1731156515625 0.2171227515625 0.18375213906250001 0.2144591375 0.2146974375 0.202744084375 0.23113627656250002 0.204782753125 0.24564215625000002 0.2322088984375 0.29109565000000004 0.23750943593749999 0.3288109375 0.2487761078125 0.334130628125 0.2625298296875 0.33219766875 0.27189374375 0.32397853906249996
1 0 0.382342853125 0.01365133125 0.370133740625 0.07752714375 0.32565482968750004 0.09041776875 0.30510613593749997 0.1124481140625 0.2872175765625 0.198490184375 0.225817165625 0.23549745625 0.21469917343749997 0.233866521875 0.2030944703125 0.21839358281250001 0.20526905 0.089364146875 0.23523687031249998 0 0.299450278125 0 0.382342853125
1 0 0.25710153125 0.04846308125 0.23112354375000002 0.0817601 0.21855467499999998 0.151296553125 0.2018788453125 0.23838526093749998 0.17287460937500002 0.2747606078125 0.1697347078125 0.2977423328125 0.158615559375 0.34072271875000004 0.152575059375 0.3311752625 0.14701375 0.30244461562499997 0.142176140625 0.2070723015625 0.1496628875 0.15631130625 0.16271383749999999 0.0595868609375 0.1980030859375 0 0.22671104999999997 0 0.25710153125
1 0 0.175288178125 0.0225511984375 0.160803240625 0.083757590625 0.15079244375 0.1497062671875 0.165614434375 0.24172843125000001 0.14676460468750002 0.21023890937499998 0.1472455296875 0.189968428125 0.1402327625 0.1490673609375 0.1361194359375 0.057269389062499995 0.14409 0.0214376890625 0.1510981375 0 0.158816590625 0 0.175288178125
1 0 0.0773527328125 0.058148559375 0.07549877968749999 0.1200054703125 0.0879373515625 0.1538753453125 0.097265246875 0.19756930781249998 0.1052124578125 0.22445943437500002 0.11833889375 0.24575115625000002 0.12548989375 0.29529593125 0.141208503125 0.3195008578125 0.1387928828125 0.32755328906250003 0.1337165484375 0.2633440640625 0.08850178125 0.195519846875 0.0674629 0.1669251109375 0.06359235156250001 0.0580232640625 0.062132792187499994 0.009205678125 0.0640628578125 0 0.06535663124999999 0 0.0773527328125
1 0.41183549375000006 0.09721746249999999 0.42210315625000006 0.0829543609375 0.43580226875 0.030734929687500002 0.42023406718749995 0.007282743749999999 0.310068371875 0.0217793640625 0.365504959375 0.091894878125 0.3749165046875 0.0964891296875 0.41183549375000006 0.09721746249999999
1 0.68191939375 0 0.643378946875 0.023257443750000002 0.5491891843750001 0.064107425 0.53190875 0.0783699484375 0.58140589375 0.081275175 0.68848628125 0.019876501562500003 0.768084309375 0 0.68191939375 0
1 0.5074611578125 0.47824204843749996 0.521486703125 0.47824320625 0.5383594031250001 0.46107950625000005 0.542470409375 0.4279584703125 0.537033959375 0.389276125 0.5082417203125 0.2966789546875 0.5017249625 0.287733228125 0.48543655625 0.28410545625 0.4640787859375 0.2693562203125 0.44833402343750006 0.2695966828125 0.4379304515625 0.2828927265625 0.43960901718749995 0.30731081250000003 0.4488439984375 0.3355977125 0.471289059375 0.35808341875 0.461653325 0.36436843125 0.44225292187500004 0.41344448749999996 0.469264353125 0.418523715625 0.492212409375 0.4695373625 0.5074611578125 0.47824204843749996
1 0.5977698515625 0.24760868593750002 0.5751888796875 0.224155921875 0.5477697140625 0.2161755171875 0.5270032171875 0.2181078984375 0.5194944312499999 0.2270524671875 0.55711391875 0.3450353609375 0.5649897890625 0.363651675 0.5781115875 0.369696803125 0.6043958328125 0.35712735625 0.621132621875 0.33899659843749996 0.6150642484375 0.308292340625 0.6034781234375 0.28822515000000004 0.5977698515625 0.24760868593750002
1 0.9329355546875 0.24981220624999997 0.96121781875 0.2764083453125 0.9739318828125001 0.27955229843749996 0.96269888125 0.21209981249999998 0.9028794640625 0.17317121562499999 0.8470897546874999 0.1504409953125 0.807364259375 0.1422178140625 0.76356840625 0.1424559609375 0.666340965625 0.14921726875000002 0.566626471875 0.1632312265625 0.57576619375 0.1658913609375 0.5711521921875 0.17048445625 0.6171632734375 0.161059540625 0.6727218125000001 0.1571959359375 0.73307789375 0.1625196796875 0.7903556453125 0.15841445468749998 0.8251546671875 0.1939563203125 0.8865573890625 0.2316762390625 0.9329355546875 0.24981220624999997
1 0.7030694328125 0.098692071875 0.6529403640625 0.10376493281250002 0.6160690046874999 0.1158499828125 0.591775796875 0.130111928125 0.5954454 0.1562225109375 0.60227463125 0.1424426484375 0.7080028875 0.10884647656249999 0.711033584375 0.10546206093749999 0.7038849 0.1044944234375 0.7139283703125 0.1011105859375 0.7030694328125 0.098692071875
1 0.7150156609375 0.1088470546875 0.7332951046875 0.114167325 0.775738825 0.1417316796875 0.8506640953125 0.1509248140625 0.8291227828125001 0.1223951375 0.8157291624999999 0.11441589062499999 0.7738767171875 0.10353315156250001 0.73854103125 0.101596140625 0.7150156609375 0.1088470546875
1 0 0.4640783625 0.046418665625 0.42864281562500006 0.2255701890625 0.35612904218749997 0.24077130625 0.35202034531250004 0.2532135484375 0.3532301828125 0.2576916375 0.3476700296875 0.3189038359375 0.3341364171875 0.3788521828125 0.3365589828125 0.3649149171875 0.3247115015625 0.3308907125 0.31963169375 0.2903973796875 0.31841954375000003 0.245697778125 0.3247016625 0.1520040296875 0.3566064953125 0.10771216406249999 0.365789790625 0.0559115109375 0.3839176546875 0.028635235937499996 0.41437739687499997 0 0.43623725156250004 0 0.4640783625
4 0.67760589375 0 0.612763140625 0.029955175 0.504834259375 0.0817523796875 0.493719103125 0.0917673109375 0.4621791359375 0.0990175640625 0.44582168749999995 0.0717316609375 0.4628097109375 0.014400964062499999 0.4608681234375 0.000585840625 0.407165884375 0.0461707875 0.394555528125 0.0099054671875 0.3061387375 0.0223316375 0.3800335 0.12042397656249999 0.3981383765625 0.160143490625 0.3634918671875 0.1452895453125 0.26271695 0.08760375625 0.18172629375 0.063766259375 0.048838903125 0.06271916875 0 0.0675932296875 0 0.0777111734375 0.008251482812499999 0.07687615625000001 0.1077253609375 0.089663209375 0.235060159375 0.12248425624999999 0.30525593125 0.1407948765625 0.22000375156250002 0.1400970921875 0.1237625328125 0.1324909203125 0.037607604687500004 0.1431904046875 0 0.15630802500000002 0 0.17569366875 0.0020002703125 0.17496188125 0.0471114171875 0.1573515265625 0.0867960875 0.154591809375 0.1575062921875 0.158742134375 0.0863496984375 0.18705693750000002 0.0361323484375 0.2039761234375 0.00103945 0.22158730468750001 0 0.222108946875 0 0.25344708437499996 0.0398213671875 0.2302248578125 0.0877768546875 0.2150323546875 0.179746578125 0.19224525625 0.21994567968749998 0.17532524375 0.20928688593749997 0.20640803124999998 0.160748921875 0.217455996875 0.081059309375 0.23851723906250002 0.047325521875 0.2657990078125 0 0.3029968 0 0.3875917953125 0.0717695984375 0.3328035984375 0.113191725 0.28894450781250003 0.16069085156250001 0.2526841484375 0.20916077031250002 0.2233313515625 0.21517969531249997 0.266158234375 0.2359347546875 0.30691409062499997 0.23619695625 0.3266004359375 0.24808875000000002 0.3221115546875 0.267338634375 0.2630541734375 0.2731434578125 0.1974335765625 0.34314507031249997 0.214362684375 0.4161271125 0.270319309375 0.3708798765625 0.25132 0.3584736515625 0.269969178125 0.35233858281249997 0.2975985984375 0.370763734375 0.3217763046875 0.2798228765625 0.31624281249999997 0.090068634375 0.373904625 0.053810781249999995 0.38322673281249997 0.045219690624999996 0.41120132500000006 0 0.44694910937500004 0 0.4666688296875 0.0475495984375 0.427779471875 0.19438651093749998 0.3676965 0.290297484375 0.33731149843749997 0.34736846718750003 0.33351709218750003 0.401663153125 0.3456096671875 0.40671128437500004 0.3815289890625 0.4197099609375 0.4205573328125 0.4229426171875 0.42573821250000005 0.430961203125 0.4471520671875 0.4176422546875 0.4236655296875 0.3706575640625 0.44576559375 0.3656194046875 0.46337925625 0.3981401390625 0.5165695484375 0.444047865625 0.6115512125 0.4567262671875 0.6661213640625 0.47824798749999997 0.6588702843750001 0.4636080546875 0.483419040625 0.4760142796875 0.4647698625 0.5087678343750001 0.47985922031249995 0.4968954515625 0.4886023984375 0.520184546875 0.6008509 0.562325240625 0.5977460109375 0.5847197953125 0.41849870781250004 0.5880785671875 0.406756265625 0.6584684984375 0.42644839843750004 0.8465151984375 0.5704849125 0.9204680328125001 0.6333491015625 0.9114686828125 0.5514946984375 0.840806575 0.45858323749999996 0.7663393078125 0.40987934531250003 0.8031796375000001 0.40470177500000004 0.8073150437500001 0.3984853828125 0.7603884265625 0.38535729375 0.7397694546875 0.3812111046875 0.6431979906249999 0.33561375312499997 0.6295587671875 0.32766902343750004 0.6272288609375 0.311090875 0.769542046875 0.2544612703125 0.8416013937500001 0.2147491984375 0.8891104890625 0.2320218234375 0.9438615374999999 0.2651822546875 0.9709458234375001 0.2796902015625 0.9655442171875 0.2198709625 0.9030600140624999 0.1708917625 0.8527065765625 0.1512012828125 0.8018387078125 0.1456711 0.7649983781249999 0.1508486703125 0.7951211625 0.1691559828125 0.8282824453125001 0.1912626609375 0.7579024859375 0.2251035125 0.71033531875 0.24305903906249998 0.671038965625 0.24858178125000002 0.60020264375 0.261354775 0.5940476328125001 0.181918228125 0.6542832296875 0.16499986875 0.6776204234375001 0.1884872328125 0.7033455984375 0.19332459375 0.7200813890625 0.1698405375 0.7364969078125 0.1618982875 0.7664836046875 0.1435959359375 0.5835730234375001 0.16084954375 0.6233838078125 0.1411665078125 0.639022690625 0.12769820781250002 0.657059525 0.149112890625 0.6566712078125 0.14634986562500002 0.6950548359375001 0.09869140937500001 0.721886890625 0.147045996875 0.73849656875 0.140485259375 0.721168328125 0.10629179375 0.7653186515625 0.13530686249999999 0.8490856015625001 0.14325737968750002 0.8255542468750001 0.118388503125 0.783733828125 0.105951584375 0.7455343875 0.10145856875 0.8042847562500001 0.0917929421875 0.8834599375 0.084891996875 0.948264075 0.09691636249999999 0.9437984203124999 0.065141578125 0.8977397078125 0.061753109375000004 0.8359508390625001 0.06761937031250001 0.7913541265624999 0.07106943125000001 0.7475340484374999 0.080045540625 0.706364153125 0.090057990625 0.6823864078125 0.09765424218749999 0.6664853234375 0.0914361953125 0.6154232937499999 0.0845245 0.597842821875 0.0841776734375 0.6474096515625 0.04480911875 0.6890939796875 0.0206363734375 0.765064375 0 0.67760589375 0