1 0.2629941046875 0.3361579296875 0.25793582656249997 0.3192340296875 0.26355705 0.27536323125 0.2555445625 0.234142559375 0.2614569140625 0.21906554687500002 0.2584755234375 0.20372762187500001 0.23222133281250001 0.186944428125 0.2129159703125 0.1877124890625 0.200959290625 0.198990196875 0.199918878125 0.23003248906249998 0.1890802234375 0.2470619171875 0.1918752765625 0.261441221875 0.2216426875 0.30539705 0.22890982656249997 0.342783240625 0.24043946875 0.34750598906249996 0.25407317812499997 0.344855865625 0.2629941046875 0.3361579296875
1 0 0.4032361703125 0.0075211796875 0.39576524062499996 0.06898160625000001 0.34800428437500003 0.08077912968749999 0.3268091078125 0.10184306875 0.30779208593749996 0.184553771875 0.241972728125 0.22092845625000002 0.2289331625 0.2186924140625 0.21742971875 0.2033544890625 0.220411109375 0.076070278125 0.2570907390625 0 0.318033375 0 0.4032361703125
1 0 0.27632055312500003 0.035009990625 0.2551236453125 0.067603571875 0.2408293703125 0.1361719828125 0.2205371390625 0.22162337499999998 0.18701478124999998 0.257784540625 0.18197544375000002 0.2801528390625 0.16966876250000001 0.3227581859375 0.1613871234375 0.31293275781249996 0.156333109375 0.28398830468749997 0.1530057765625 0.1891385203125 0.1654736625 0.139130125 0.181163353125 0.044385134375 0.22146640624999997 0 0.245790725 0 0.27632055312500003
1 0 0.1901763609375 0.0054533390625 0.18625583750000002 0.066051925 0.17305546562500002 0.1326859453125 0.18440565625 0.223595471875 0.160765590625 0.192174275 0.16289389062499998 0.17156455312500002 0.156951609375 0.13050426406249999 0.15498451562499999 0.0392492453125 0.16774849218750001 0.0038334281249999998 0.1766223109375 0 0.1782338125 0 0.1901763609375
1 0 0.10229018593750001 0.0365374234375 0.0992052609375 0.098960546875 0.108389446875 0.1332721890625 0.11593194531249999 0.17732219375 0.12158150000000001 0.20486245468750003 0.13328262500000002 0.2264992515625 0.13930950312499998 0.276798775 0.1524135984375 0.30084410625 0.1487345 0.30861982656250003 0.143243690625 0.242132240625 0.10145133906249999 0.173299884375 0.0839909375 0.144541765625 0.081622225 0.0357127796875 0.0858641484375 0 0.08915454375000001 0 0.10229018593750001
1 0.3908763109375 0.1023836359375 0.40038342968749996 0.0876027125 0.4113308125 0.034737890625000004 0.39455655625 0.012132621875000001 0.28530053125 0.0323750015625 0.3443307078125 0.09949309843750001 0.3539698 0.10358849218749999 0.3908763109375 0.1023836359375
1 0.6424563062499999 0 0.6182316734375 0.016406928125 0.5263089171875001 0.0621304375 0.5097986078125001 0.077277803125 0.559379965625 0.07758856875 0.6631002453125 0.010669884374999999 0.6979549171875 0 0.6424563062499999 0
1 0.5063122078125 0.4778813796875 0.52031859375 0.47714849531250003 0.5362698921875 0.45912526875 0.5386418421875 0.425834471875 0.531188365625 0.387489659375 0.49758942343749996 0.2965262609375 0.49061341406250003 0.2879338546875 0.4741574671875 0.2851635234375 0.4520570515625 0.2715522796875 0.436346453125 0.2726164296875 0.42665299843750004 0.2864387328125 0.42960720781250006 0.31073550625 0.44030995624999997 0.33850031875000003 0.4639010671875 0.359780525 0.4546074703125 0.36656121875 0.43780209687499994 0.41658535781249995 0.4650423375 0.42024395625000005 0.4906287921875 0.46998668125 0.5063122078125 0.4778813796875
1 0.5844267203125 0.2428377015625 0.560649271875 0.220598875 0.5328500218750001 0.214064415625 0.5122131171875 0.2170809828125 0.5051827453125 0.2264062734375 0.5489254234375001 0.3422586234375 0.557764803125 0.3604372328125 0.5711849953125 0.3657873359375 0.5967753859375 0.351859503125 0.612540346875 0.33287765625 0.604873353125 0.302533071875 0.5922528703125 0.2830997546875 0.5844267203125 0.2428377015625
1 0.9192484140625 0.22749698281250003 0.9488838515625 0.25257649375 0.961745034375 0.2550507359375 0.9469972359375 0.18827858125000002 0.885222434375 0.152534040625 0.8283195750000001 0.1327547796875 0.788218153125 0.12662193906250002 0.7444947859375 0.1291518578125 0.6477544515625 0.140992390625 0.548910046875 0.160205796875 0.5581764640625 0.16238395 0.55380916875 0.167212228125 0.5992639328125 0.15539219531249998 0.6545441249999999 0.1486261765625 0.7150961125 0.15078382968749998 0.7720805171875 0.1436865453125 0.808691965625 0.1773584625 0.8719846453125 0.211813115625 0.9192484140625 0.22749698281250003
1 0.6817882984375 0.0886142171875 0.6319934234375 0.0963036796875 0.5958050781249999 0.1103018640625 0.572291575 0.125815671875 0.577322671875 0.1516984203125 0.5834213625 0.137580028125 0.687246434375 0.098496509375 0.69009585 0.0949581171875 0.6829063203125 0.0943659390625 0.6927589296875001 0.0904611046875 0.6817882984375 0.0886142171875
1 0.694249625 0.0981300671875 0.712782459375 0.1024863734375 0.7566106203125 0.12779161875 0.8319143390624999 0.13305086875 0.8089094203125 0.1056876765625 0.795116553125 0.0984203328125 0.7527519078125 0.089742896875 0.717363271875 0.08965786718749999 0.694249625 0.0981300671875
1 0 0.48928026718749995 0.043305737500000004 0.4524792203125 0.2184166625 0.370688759375 0.2333819125 0.365790128125 0.245870421875 0.3663471296875 0.250051378125 0.36056023125 0.31047139218750003 0.34384156875 0.3704643703125 0.3431233609375 0.35592615625 0.3320215359375 0.32168272343750004 0.3287293796875 0.2811814453125 0.329638146875 0.236871884375 0.338251053125 0.14497631093750002 0.3750157125 0.10122576093749999 0.3865044796875 0.05044483749999999 0.4073185375 0.024800084375 0.439164065625 0 0.46023908125 0 0.48928026718749995
4 0.63486109375 0 0.58800835625 0.024697787500000002 0.48293824531249996 0.08207256874999999 0.4723624625 0.09265549687499999 0.44124516874999997 0.10154648749999999 0.423482103125 0.0751540609375 0.4374463890625 0.01701285 0.43478443437500003 0.003318275 0.38354152343750003 0.051651307812500005 0.3690504703125 0.0160956625 0.2814051859375 0.0331321796875 0.36033243593750003 0.127222734375 0.380491259375 0.165940278125 0.3451148359375 0.152919946875 0.24145898593749998 0.100587365625 0.1593317671875 0.08102126093749999 0.026571693749999997 0.08693039531249999 0 0.09099604375 0 0.10419192343749999 0.086787590625 0.1107556296875 0.21566560156249998 0.1368675078125 0.2867234765625 0.15147927187500002 0.2015516140625 0.15524419843749998 0.1050442140625 0.1526853265625 0.0195673265625 0.167879146875 0 0.1758759375 0 0.1949937125 0.02979925 0.181523471875 0.06928510156249999 0.1766906015625 0.1401156109375 0.17713455312499998 0.07053841875 0.2091345984375 0.0212753703125 0.22865877031249998 0 0.24076920624999998 0 0.27194255156249997 0.0263330859375 0.2546784640625 0.0734277375 0.2369969859375 0.16407883437499998 0.2094277921875 0.20333732031250001 0.19042710937500001 0.19431988125 0.22202513750000002 0.14642664375 0.23559824375 0.067948503125 0.2608012546875 0.0356887640625 0.2898111234375 0 0.321018309375 0 0.409496790625 0.06360608906250001 0.3554445828125 0.1026760421875 0.3094777328125 0.1482123515625 0.27078115468749997 0.19507963749999999 0.238931865625 0.20333169999999998 0.28138505 0.2261913109375 0.320998815625 0.2274834578125 0.34064445781249997 0.23912402500000002 0.33553936093750003 0.2552567015625 0.2755554546875 0.257619253125 0.20972098749999998 0.3284109328125 0.2229632921875 0.4042214984375 0.27502364687499997 0.358041925 0.2584184328125 0.3466287265625 0.27769134375000004 0.3419480765625 0.30560398437499997 0.361613340625 0.3287842578125 0.2705075140625 0.3280178265625 0.084031109375 0.39553158437499997 0.048310828125 0.40673850624999996 0.0211864671875 0.436171359375 0 0.465134053125 0 0.49191942343750006 0.044389934375 0.4515578734375 0.18788111406250002 0.38387239218749997 0.282070415625 0.3485094390625 0.3388646015625 0.34173336875000004 0.39371775468750003 0.35096780625 0.400638840625 0.386573703125 0.4156622875 0.4248682625 0.4191616609375 0.4298728578125 0.42828997187500006 0.4508377046875 0.4137600859375 0.4280804140625 0.3679964140625 0.4526091796875 0.3638869859375 0.47046238125000006 0.3991469171875 0.5218777734375 0.449962684375 0.61432664375 0.46547969218749996 0.668158471875 0.4865924265625 0.6597909703125 0.4627901484375 0.48534637031249994 0.474203346875 0.4660734609375 0.50770173125 0.47942794843750003 0.4963032015625 0.48878049843750004 0.5254350125 0.599656309375 0.5549163046875 0.595346928125 0.5482282046875 0.4829509015625 0.580338240625 0.4141765109375 0.583077859375 0.4022743765625 0.6544019296875 0.4182555984375 0.8497292078124999 0.5522531109375 0.9268707484375 0.6111607546875 0.9135998031250001 0.5298895203125 0.8381719265625 0.44080355937500004 0.7612577484374999 0.3960637296875 0.7977766171875 0.38896518125 0.801581015625 0.38254087812500004 0.7540316375 0.37188672968750003 0.7332239281249999 0.3688253359375 0.63439843125 0.3283446359375 0.6203621046875 0.321124615625 0.6171677578125 0.304691125 0.7563221453125 0.24069103125 0.8262043671875 0.1972620890625 0.8745523328125 0.212024609375 0.9309638296875 0.24227414687499998 0.9587702859375 0.2553447296875 0.9502453843750001 0.19589016875 0.8852834390625001 0.1502482625 0.833968490625 0.1332200640625 0.7828809062500001 0.130359678125 0.7463620375 0.1374582265625 0.7774016718750001 0.15416394375 0.8116744828125 0.1745048 0.74316206875 0.211982675 0.6965998109375 0.2324030671875 0.65764635 0.23997485312500003 0.58757559375 0.2564376296875 0.5772716296875 0.177432075 0.6365392375 0.1573844140625 0.6610736828125 0.179618215625 0.6870167703125001 0.1831025953125 0.7025005640625 0.1587748390625 0.7184779203125 0.1499843515625 0.7474656515625 0.13013770156249999 0.5657087265625 0.1569404640625 0.604434821875 0.1352008671875 0.6193473953125 0.12093254843750001 0.63848026875 0.141373909375 0.6379478765625 0.13863499375 0.67378465 0.0890330078125 0.7031106171875 0.13591704531249998 0.71935416875 0.128496015625 0.7002601296875001 0.0952563015625 0.745868478125 0.12192095624999999 0.8299367265625 0.12547655468750002 0.8051360843750001 0.1018732953125 0.76272208125 0.0916421328125 0.7243398437499999 0.089154478125 0.7825038390625 0.0764273421875 0.8612093453125 0.06539214531250001 0.9265539781250001 0.074008446875 0.920431478125 0.042510921875 0.8742585500000001 0.041537625 0.8128613765624999 0.050629625 0.7685063453125001 0.056408968749999996 0.7252160921875 0.0676661421875 0.68462663125 0.07981953750000001 0.661079303125 0.088660275 0.6448745828125 0.08328295 0.5935208015625 0.07905310625 0.575946271875 0.079626846875 0.62338478125 0.0377181171875 0.6637468796875 0.011396910937500001 0.6984169765625 0 0.63486109375 0