1 0.2688564875 0.32798635 0.2643919265625 0.3108962296875 0.2715407953125 0.267248334375 0.26497176875 0.225773140625 0.2714067 0.21091165156249997 0.2689624109375 0.1954790203125 0.2433099375 0.1777897921875 0.22398953124999998 0.1778836375 0.2116465484375 0.18873719375 0.20952341093750002 0.21972426562499997 0.1980970390625 0.2363650578125 0.20038855937500002 0.25083314843750004 0.2286038 0.2958010671875 0.234561753125 0.333418103125 0.24591955156249998 0.338540353125 0.25963744375000003 0.3363676515625 0.2688564875 0.32798635
1 0 0.3892555125 0.011458925 0.378641475 0.0745487453125 0.33305455156249997 0.0870787828125 0.3122840140625 0.108793575 0.294013696875 0.19375095625 0.231120996875 0.23055855625000002 0.21935883281250002 0.2287253390625 0.207784359375 0.21329270937499997 0.2102286484375 0.0848059359375 0.2424437796875 0 0.3056549625 0 0.3892555125
1 0 0.2635387734375 0.0438393109375 0.23904489999999998 0.0769119015625 0.2258968328125 0.1461467296875 0.208009965625 0.23271598125 0.1774902390625 0.2690309890625 0.173715978125 0.2918151578125 0.16219743749999999 0.334683575 0.155407746875 0.32504051562499997 0.150013909375 0.2962298171875 0.14567845625 0.20100269062499998 0.1548285375 0.150477196875 0.168763403125 0.054383365625 0.2057353515625 0 0.2331158796875 0 0.2635387734375
1 0 0.18033334375 0.0167041171875 0.1691875328125 0.0777264734375 0.1581100609375 0.1439237859375 0.1717788328125 0.23560295937500003 0.15132586406249998 0.2041266265625 0.15235628437499998 0.18373684375 0.1456983546875 0.14277021875 0.142299475 0.0511253328125 0.151870921875 0.0154213984375 0.159503340625 0 0.16536167968749999 0 0.18033334375
1 0 0.0857829359375 0.0508072875 0.08327480468750001 0.11287186093749998 0.0946319296875 0.146899371875 0.10336729375 0.1907253765625 0.11055072968749999 0.2178404953125 0.1232058671875 0.239253778125 0.12998418750000001 0.2890653328125 0.144835728125 0.31322441562500003 0.14199804062500002 0.3211870265625 0.13678194531250001 0.25619847500000004 0.09269466875 0.1880174078125 0.0728426890625 0.159359475 0.0694717765625 0.050448743750000004 0.0699130390625 0.0016722750000000002 0.0726947953125 0 0.0729596578125 0 0.0857829359375
1 0.3762197625 0.0133723 0.3017511984375 0.0251669625 0.3584030265625 0.094304296875 0.36789331875000003 0.0987335953125 0.4048193984375 0.0988174921875 0.4148365703125 0.084377365625 0.427622240625 0.03192680625 0.3762197625 0.0133723
1 0.6682273515625 0 0.6350368046875 0.020827746875 0.5415743187500001 0.06331534375 0.52454543125 0.0778772796875 0.5740857390625 0.0799182203125 0.6800782640625 0.0166600875 0.7421650125 0 0.6682273515625 0
1 0.5070802921875 0.478115146875 0.521103721875 0.477871525 0.5376743046875 0.46041597031250003 0.5412066421875 0.4272282328125 0.535095921875 0.38864665625 0.5046920234375001 0.296566084375 0.49802013437500003 0.287735453125 0.48167089531249996 0.2843925046875 0.46005896718750006 0.270018259375 0.44432080156250003 0.27053346875 0.43415085937500003 0.28400905625 0.436255325 0.308394128125 0.44598257500000005 0.33651554687499996 0.468816646875 0.3586061078125 0.45929206875000006 0.36505832968749996 0.4407511140625 0.41446549531250004 0.467847078125 0.41907253593749993 0.49168195 0.4696779140625 0.5070802921875 0.478115146875
1 0.593350125 0.2459408078125 0.5703632843750001 0.2228857078125 0.54280901875 0.21538505 0.5220794093750001 0.21767956093750002 0.5147278703125 0.2267538140625 0.5544007140625 0.3440621875 0.562600284375 0.36253821249999996 0.5758255859375 0.3683534140625 0.6018864625 0.3553271578125 0.6183042765625 0.3369070640625 0.6117009625 0.306313390625 0.5997663828124999 0.2864514625 0.593350125 0.2459408078125
1 0.9285032375 0.24229454375 0.957245359375 0.2683930375 0.9700123578125 0.271314621875 0.9576038578125001 0.20406845156250003 0.8971141546875 0.1661897765625 0.8409362453125 0.14443668437499999 0.8010732859375 0.136908059375 0.757288259375 0.1379105140625 0.660193628125 0.14636764375 0.5607388984375 0.1621197265625 0.5699236546875001 0.1646199453125 0.565390515625 0.169292865625 0.611230103125 0.15906638281250002 0.6667127500000001 0.1542337359375 0.72715255 0.15850330937499998 0.7843499328125 0.153399075 0.819763946875 0.18832820156250002 0.8818156187499999 0.2249707484375 0.9285032375 0.24229454375
1 0.696034715625 0.0952091421875 0.646001815625 0.1011561046875 0.609346984375 0.1138828078125 0.58530638125 0.1285665546875 0.58943111875 0.15460911875 0.59601881875 0.14071216875 0.7011446375 0.1052759 0.70411580625 0.10183910625 0.6969513234375 0.100996378125 0.7069342078124999 0.0974377734375 0.696034715625 0.0952091421875
1 0.7081563515625 0.10515408906249998 0.7265258640625001 0.110154528125 0.769444184375 0.13697394062499998 0.8445184859375001 0.1448580484375 0.8224825421874999 0.1167086640625 0.8089517046875001 0.10896438281250001 0.7669157046875 0.098813728125 0.7315515953125 0.0974937046875 0.7081563515625 0.10515408906249998
1 0 0.47237416562499995 0.04524239375 0.43656976875 0.2231010921875 0.360940415625 0.2382281859375 0.3565670484375 0.25068964843749997 0.357559553125 0.2550700171875 0.35192209375 0.3160366984375 0.3373222421875 0.3760181953125 0.33869819687499997 0.3618762859375 0.327095759375 0.3277686078125 0.32261052968750004 0.2872602875 0.32210526875 0.2426771328125 0.329166546875 0.1495544703125 0.3627017015625 0.1054296203125 0.3726565984375 0.05395323125 0.391685746875 0.027212707812499997 0.4226168875 0 0.4441527625 0 0.47237416562499995
4 0.6625969406250001 0 0.6045425515625 0.0280587765625 0.49753409531250004 0.08173171093750001 0.4865954171875 0.091939103125 0.4551867875 0.0997387 0.43835562499999997 0.0727424296875 0.4543405046875 0.0151239828125 0.44480922968750003 0.0025087968749999997 0.4066574671875 0.031151109375000003 0.386018259375 0.011820371875000001 0.2978318 0.025787734375 0.37342725625 0.1225754921875 0.392222578125 0.1619729828125 0.3573221078125 0.147725965625 0.25555578125 0.0918077265625 0.17416143906249998 0.0693873421875 0.0412760140625 0.070659615625 0 0.07550783125 0 0.08563474531250001 0.0009418499999999999 0.0855227953125 0.10062374062499999 0.096571840625 0.240323590625 0.122469853125 0.299016596875 0.1442483375 0.213765225 0.145038515625 0.1174059171875 0.13911314218749998 0.03145084375 0.1513146078125 0 0.162904275 0 0.1822258171875 0.0412003546875 0.165307709375 0.0808308171875 0.16185581875 0.151602684375 0.16477144999999999 0.080951090625 0.19432379375 0.031036668750000003 0.212116815625 0 0.228376578125 0 0.25964605937499996 0.0351832296875 0.2382971703125 0.0828662671875 0.2222700421875 0.1744242921875 0.19788132187500002 0.214321978125 0.180262315625 0.20420727656249998 0.211526390625 0.15586951875 0.22341977812499997 0.0765596125 0.2458685875 0.0433070953125 0.2737349375 0 0.3090142 0 0.394842840625 0.068916840625 0.3403027140625 0.10956721250000001 0.2957273875 0.15642627343749999 0.25864357656250003 0.2043765328125 0.22844933437499998 0.21114197343750002 0.27116465 0.23260515937499998 0.3115520734375 0.2332108953125 0.33123084375 0.2450225359375 0.3265351046875 0.2632387953125 0.26715076249999997 0.267897496875 0.2014388515625 0.3381839015625 0.217143684375 0.41213140625 0.271818075 0.366559478125 0.2536113328125 0.354480615625 0.27247418749999996 0.34882867968750003 0.300206471875 0.367672984375 0.3240589328125 0.27664940625 0.3201134203125 0.08793040156250001 0.38107811875 0.0518407640625 0.39103159375 0.023705734375000002 0.41949989062500004 0 0.449639871875 0 0.474971690625 0.0463580859375 0.4356868203125 0.19212404375 0.3730503421875 0.2874901171875 0.3409960890625 0.3444861859375 0.3362062359375 0.3989836484375 0.34734939531250003 0.4046578890625 0.38317514531249997 0.41833572343750003 0.4219706875 0.42165830625 0.427094359375 0.43004939531249997 0.44836500937499996 0.41632257812500006 0.425114496875 0.3697307421875 0.44803119062499996 0.3650007515625 0.4657300984375 0.39844483125 0.5183447250000001 0.44600322343750004 0.612510721875 0.45963207500000003 0.66685129375 0.48102396875000003 0.6592257125 0.4633242203125 0.4840566921875 0.47540308124999997 0.46519383750000004 0.50841499375 0.4797092671875 0.49669700937499994 0.4886583171875 0.5219415640625 0.6004832703125 0.551555290625 0.597205396875 0.5487938296875 0.484644428125 0.5832844984375 0.41703255625 0.586437825 0.40523328437500006 0.6571607109375 0.42369394375 0.8476925546875 0.5644266531250001 0.92273125625 0.6259906125 0.9123047203124999 0.5443057375 0.8400318468749999 0.45264165156249997 0.7647259203125001 0.40524480937499996 0.8014702781249999 0.399425075 0.8054965640624999 0.39313745624999996 0.7583479765625001 0.38083035 0.737659784375 0.3770446421875 0.6403072453124999 0.333139640625 0.6265314453124999 0.325434159375 0.6239125640625 0.308899196875 0.765215753125 0.24979450937499997 0.836571053125 0.2088308765625 0.8843743625 0.2252717234375 0.9396958015625 0.2574715671875 0.9670291609375001 0.27150461875 0.9605843875 0.2117887609375 0.8972548953124999 0.1639075203125 0.8465654812500001 0.145098828125 0.79560884375 0.140457253125 0.7588644859375 0.1462769875 0.7893021906250001 0.164055796875 0.8228442375 0.1855803640625 0.7530656015625 0.2206443609375 0.7058190453125001 0.2394273140625 0.6666250625 0.24563503125000002 0.59602245 0.25964234531249997 0.588482015625 0.180325315625 0.6484131718749999 0.1623582765625 0.6721567234375 0.18543477343749998 0.6979624046875 0.18982243125 0.71428579375 0.166049871875 0.7305602 0.1578223421875 0.760222909375 0.1389994375 0.577641303125 0.1594426484375 0.617102509375 0.13906781562499998 0.6325039546875 0.12532863125 0.6509117796874999 0.146425265625 0.6504753 0.14366943906250002 0.6880213265624999 0.0953483546875 0.7156932 0.14322729375 0.732185846875 0.1363776765625 0.7142634875 0.10249183749999999 0.7589134703125 0.1307319578125 0.8428064171875 0.1372193296875 0.818844625 0.11276491875000001 0.7768135218750001 0.10105976093749999 0.738541484375 0.0972341015625 0.7971142171875 0.0865446140625 0.8761569015624999 0.0782629203125 0.9411610234375001 0.0891544671875 0.9361415015624999 0.0574624578125 0.8900306671875 0.0548783421875 0.828353590625 0.0618220734375 0.78382388125 0.066049928125 0.74016713125 0.07578943593750001 0.6991782468750001 0.0865188765625 0.6753367265625 0.0945324390625 0.6593295453125 0.08859285156249999 0.6081546671875 0.08257336562499999 0.5905708203125 0.0825334125 0.6394430234375 0.04230579375 0.6951786359375001 0.01370343125 0.7415810765625 0 0.6625969406250001 0