1 0.31733630625 0.2771772140625 0.3171388359375 0.2595146671875 0.334634734375 0.21889276875000002 0.33829459375000004 0.177060375 0.34813369843749997 0.1641970859375 0.3494955078125 0.14863154375 0.32888443437500003 0.12526186718750001 0.31011522187499996 0.1206788953125 0.2955131671875 0.12822401562500002 0.28595664374999996 0.1577770046875 0.2708439125 0.1711592046875 0.2695672171875 0.1857519 0.2860656203125 0.2362099640625 0.2827462125 0.2741509734375 0.29252745 0.2818687703125 0.3063634859375 0.2830792671875 0.31733630625 0.2771772140625
1 0.3064553609375 0.1625112890625 0.3074767171875 0.1508371328125 0.2919111765625 0.149475325 0.1594474625 0.1496497640625 0.0237767 0.20640060781249997 0.0225000046875 0.22099330312499998 0.035032103125000005 0.21718825625 0.034521425 0.223025334375 0.0218191 0.228776075 0.01688254375 0.28520116562500003 0.055329967187499995 0.2640575578125 0.12757422499999999 0.2350875703125 0.14475691562499998 0.2179652984375 0.170246675 0.2054909703125 0.2678955796875 0.165019503125 0.3064553609375 0.1625112890625
1 0.3797209734375 0.12186714531250001 0.42295859062499996 0.125649946875 0.41490685781250003 0.1180834609375 0.3880008015625 0.10690685156249999 0.293388721875 0.092747609375 0.240992903125 0.0940453265625 0.1388091453125 0.1066718484375 0.0605831125 0.12433527656250001 0.0436557625 0.1385390109375 0.0294792734375 0.1412199 0.0276918984375 0.1616496734375 0.12051998593749999 0.13644112343749998 0.15579098281249998 0.13168459375 0.22729646718750002 0.1310784625 0.31867763125000004 0.1224083015625 0.3548270046875 0.12753154687499998 0.3797209734375 0.12186714531250001
1 0.2970179578125 0.091104540625 0.27884453593749997 0.0797116453125 0.2399170578125 0.066503003125 0.14867887500000002 0.053619232812499994 0.1121890515625 0.052387371875 0.0505499171875 0.059738453125 0.0361180890625 0.06533788125 0.03484139375 0.079930578125 0.0828186078125 0.072224484375 0.11109085 0.062094220312500004 0.1729804640625 0.0661084421875 0.233904659375 0.09538577031249999 0.3278085890625 0.09771954375 0.2970179578125 0.091104540625
1 0.1936995984375 0 0.2224386328125 0.013018320312500001 0.25334210625 0.029726206249999998 0.2941284609375 0.047298734375 0.3173765890625 0.0661377015625 0.33651398125 0.0778950171875 0.3812530078125 0.10435590937500001 0.4053809609375 0.107447125 0.4143689359375 0.1043123 0.36197650000000003 0.0458124515625 0.3006233296875 0.0100556671875 0.2740239078125 0 0.1936995984375 0
1 0.42662575937499997 0 0.46075573593749997 0.072099784375 0.46889258125 0.07869342343749999 0.5047015015625 0.08770805468750001 0.517914503125 0.0761202359375 0.5430093234375 0.028320815625000002 0.5331157296875 0.0019676249999999998 0.5126944734375 0 0.42662575937499997 0
1 1 0.0418344125 0.963847509375 0.038671479687499996 0.867788509375 0.0410506265625 0.79897601875 0.050714999999999996 0.74694789375 0.0677295703125 0.6459829625 0.08634448125000001 0.62593705625 0.09635420624999999 0.67351205625 0.1103194078125 0.791659678125 0.0745822234375 0.8754419203125 0.073089584375 0.9797807484375 0.0557501421875 1 0.057519096874999995 1 0.0418344125
1 0.5121644015625 0.4804780984375 0.5258302140625 0.4836342875 0.5461314609375 0.470706025 0.5575877124999999 0.43935865312500005 0.560992234375 0.4004447984375 0.55376776875 0.30374404374999997 0.5494303859375 0.29356164375 0.534375521875 0.2863627578125 0.5168830046874999 0.267187090625 0.5014876890625 0.2638795890625 0.4883598 0.2744945609375 0.48450246874999997 0.2986644078125 0.48713759218749997 0.3283037359375 0.5039492046875 0.355262175 0.4931466125 0.359218534375 0.46320372968749995 0.402672634375 0.4883802828125 0.41369793125000004 0.49926460781250004 0.4685662921875 0.5121644015625 0.4804780984375
1 0.6520397078125 0.276070890625 0.635313209375 0.24813960625 0.610391996875 0.23419576874999998 0.5897230515625 0.231407178125 0.580394625 0.23843338906249997 0.5905095515625 0.36185493125 0.5939958046875 0.3817657953125 0.605421434375 0.39060775 0.6338595265625 0.384273125 0.6542458859375 0.370372015625 0.6552399984374999 0.3390896203125 0.6484649609375001 0.31693043906249996 0.6520397078125 0.276070890625
1 1 0.3073745296875 0.96607416875 0.2721759765625 0.9168275328125001 0.2374783765625 0.8799700125 0.2205296625 0.8372430734374999 0.2109097828125 0.740986603125 0.1956263828125 0.6406753296875001 0.186850284375 0.6489824015625001 0.19149822968750002 0.643453434375 0.19493567812499998 0.6904054000000001 0.196102565625 0.7454090984375 0.2048359359375 0.8030206765625 0.2236003953125 0.859753878125 0.232485078125 0.8856658234375001 0.27494408593749997 0.9370096609375 0.3255098515625 0.9781194531249999 0.3536138125 0.9996940140625 0.38589041874999996 1 0.38604558437500003 1 0.3073745296875
1 0.7881394171875 0.15465825 0.7381540078125 0.1483245078125 0.699509115625 0.1518055671875 0.6726303015624999 0.160237196875 0.6703322484375 0.18650405 0.6800862421875 0.17461360625 0.7906621859375 0.165662184375 0.7943765328125 0.16304627031250002 0.7876287390625001 0.160495328125 0.7981759937499999 0.1594575078125 0.7881394171875 0.15465825
1 0.797495090625 0.1672402796875 0.8141092328124999 0.1765361703125 0.84926449375 0.2129418125 0.9202014281249999 0.23875384687499998 0.9056299984375 0.2061096421875 0.8943745953125 0.19532199374999998 0.8560429109375001 0.175303428125 0.8220486078125001 0.1654672625 0.797495090625 0.1672402796875
1 0.2807035 0.2974992875 0.29255469375 0.3014770109375 0.298168771875 0.29706671406249996 0.36085650625 0.2976497171875 0.41872342187499995 0.31349563593749996 0.40780847187499997 0.298816603125 0.3757990140625 0.286213209375 0.33661619531250003 0.2759231078125 0.2916490734375 0.2719889953125 0.1931796640625 0.28199960156250004 0.147957203125 0.2809840265625 0.093406315625 0.28699466406249996 0.05997717968750001 0.3105378984375 0.0146117359375 0.33107625625 0.0105841796875 0.35719179687499997 0.0740958 0.3284380953125 0.26496773125 0.2980831703125 0.2807035 0.2974992875
4 0.177856975 0 0.21008502812500002 0.0119375203125 0.3267731140625 0.0725614640625 0.3910507796875 0.106193396875 0.308140575 0.08633592968750001 0.2160770296875 0.0572751390625 0.1297233859375 0.0483197546875 0.0869915890625 0.0529837171875 0.0438950203125 0.061817020312500005 0.0361180890625 0.06533788125 0.035023778125 0.07784590625 0.0878816390625 0.0712670234375 0.1357980578125 0.0642558203125 0.1750864140625 0.07049394375 0.2430507 0.09044423124999999 0.1673484015625 0.1020265765625 0.11461212968750001 0.10721567812499999 0.07645700625 0.1164813015625 0.0383018796875 0.125746925 0.02797155625 0.1584531796875 0.056000618749999995 0.1511024765625 0.11230191875 0.13362150781249998 0.1624458796875 0.1296060265625 0.25718440625 0.1280916453125 0.3001593828125 0.120648121875 0.2827816671875 0.148536553125 0.2330024765625 0.14838269375 0.1506175546875 0.1509778765625 0.1116113 0.1699719625 0.0337203796875 0.2065703578125 0.0166636828125 0.2877027703125 0.120356121875 0.24075795000000003 0.1705827515625 0.20734091718749997 0.225021284375 0.1826948875 0.278851865625 0.16499776093750002 0.27508257343750003 0.20808095624999998 0.286137609375 0.252461115625 0.2819646265625 0.2717018828125 0.2945614125 0.270003121875 0.32660294375 0.21678966093750002 0.3470204125 0.154156715625 0.4114196671875 0.18639886875 0.4699436828125 0.2573387171875 0.4301300453125 0.22864794531250002 0.4138466390625 0.2440283515625 0.40165354375 0.2695695421875 0.414167659375 0.29727233124999997 0.326802375 0.271423421875 0.1289404359375 0.28492194843749996 0.0915148515625 0.2858488890625 0.0573284484375 0.30666507656249997 0.0119216703125 0.3419042109375 0.010341 0.3599713578125 0.07539195625 0.327851284375 0.2319811765625 0.3023393546875 0.3322690953125 0.2943083921875 0.388730909375 0.30344941406250003 0.4389137890625 0.327445703125 0.43575244687500003 0.3635799984375 0.43963850156250006 0.4045321140625 0.4416228609375 0.41030739687500006 0.44461886249999993 0.43297620625000005 0.4369245984375 0.407095515625 0.3861726890625 0.4180599 0.3773014453125 0.4340887875 0.3970234640625 0.4932313890625 0.4203883515625 0.5961056703125001 0.42046619375 0.6521292125 0.44306745156250005 0.6499053109374999 0.4682706828125 0.475657603125 0.4845540875 0.4602771953125 0.5130738046875 0.48234775937499996 0.49953892343749995 0.488196146875 0.4969807015625 0.6028066328125 0.526507765625 0.6067903343750001 0.5510592937500001 0.49690485000000006 0.600882234375 0.4396453875 0.6067963953125 0.4289594640625 0.670952471875 0.4639811765625 0.82177838125 0.6466273484375 0.87969444375 0.7245161 0.8893389796875001 0.64273520625 0.8413884703125 0.5363095453125 0.779785784375 0.47210244062499995 0.8168466000000001 0.47534484062500004 0.8222744000000001 0.47021803906250004 0.7795036859375 0.44687022968749995 0.760345865625 0.43819204687499996 0.67650669375 0.3720395015625 0.66500421875 0.3612302375 0.6664633 0.3445528703125 0.8178678984375001 0.3213881796875 0.8970136406250001 0.29890375156250004 0.9394195859375 0.326420903125 0.9853078953125 0.3710477390625 1 0.38389890000000004 1 0.311174546875 0.9667628562499999 0.26999555937499997 0.92212936875 0.2394826875 0.8738092609375 0.22265146093750002 0.8367484453125 0.21940906093749998 0.8619809375 0.244023309375 0.889319378125 0.2730230609375 0.8131307171875 0.290164528125 0.762743578125 0.2969595703125 0.7232120421875 0.293501009375 0.6513179515624999 0.290011928125 0.663190028125 0.21122675625 0.7256875921875 0.208292075 0.7431431484375 0.2364271859375 0.7671208203125001 0.2469274703125 0.7887104375 0.22781004375 0.8064918437499999 0.22376404062500002 0.8398271171875 0.2126763171875 0.6577233046875001 0.1883417875 0.7009414625 0.1781187046875 0.7192092296875 0.1685135796875 0.731966525 0.1934368109375 0.7322097046875 0.19065725 0.7803303828125 0.1528547125 0.7955973203125 0.206005875 0.8132571359374999 0.203349653125 0.8040648734375001 0.1661345578125 0.8405566578125001 0.204337634375 0.9203881890625001 0.23092784375000003 0.903054221875 0.2014029515625 0.86510335625 0.17987724375 0.828893671875 0.166906378125 0.8883125656249999 0.170704440625 0.9670108671875 0.1817909046875 1 0.1961429640625 1 0.1667528828125 0.9861297640625001 0.16245731562500001 0.9246049203125001 0.154273753125 0.8803751234374999 0.1476033109375 0.835658965625 0.146491990625 0.7932919390625 0.1469866125 0.7682199578125 0.14899435156250002 0.7541251734375 0.13935870781249998 0.7059266531249999 0.1211377015625 0.6888747875 0.11684501875 0.7460272203125 0.08963558906249999 0.7920808671875 0.075459321875 0.9144836859375 0.07076358125 0.97042021875 0.057451956250000005 1 0.05766143124999999 1 0.0474360875 0.9393951546875 0.04213385 0.81958465 0.045655971875 0.7156101078125 0.0673685796875 0.5987956015625 0.0935595109375 0.58571245625 0.10081739375000001 0.5533499046875 0.1007868734375 0.5435496890625 0.07052068125 0.5729989109375 0.018480840625 0.5742148125 0.0045830359375 0.5116345765625 0.03691926875 0.5076409171875 0 0.42258042656250006 0 0.46849426093749996 0.1031658953125 0.4772001640625 0.1459401125 0.446783053125 0.12367310312499999 0.36156746875 0.044796373437499995 0.28801486875000004 0.0033508953125 0.27400510312500004 0 0.177856975 0