1 0.09280631875 0 0.1433863703125 0.009577039062499999 0.17487847343750001 0.0316158625 0.24369635937499998 0.050770312500000005 0.3023562140625 0.076549734375 0.350711975 0.11313684531249998 0.43177703593750005 0.13690679375 0.3425501484375 0.0625980015625 0.249773478125 0.01887591875 0.159571359375 0 0.09280631875 0
1 0.20539681875000002 0.081539475 0.123747503125 0.0745004 0.014054053124999999 0.0888170359375 0.013615862500000001 0.101365190625 0.1110621359375 0.0824330546875 0.148047103125 0.08930835625 0.1776448125 0.09452975 0.22177359531250002 0.1100301578125 0.311248359375 0.10617498750000001 0.20539681875000002 0.081539475
1 0.2864618796875 0.105309425 0.1720058859375 0.113875990625 0.014049617187499999 0.160009803125 0.0105485234375 0.189202275 0.09336635 0.162779603125 0.18084934531250002 0.1448954828125 0.22813840624999998 0.14096309375 0.3078933296875 0.13118474062500002 0.35265505625000004 0.1285600359375 0.43133884375 0.14945495 0.41223998125000005 0.1278489078125 0.2864618796875 0.105309425
1 0.4222961984375 0.19520518125 0.3611090078125 0.17073344375 0.296858915625 0.162906021875 0.17258570625 0.1683378828125 0.1378359484375 0.1685203359375 0.06989000937499999 0.19546234375 0.008941821875 0.2352121765625 0.006458739062500001 0.3063183875 0.09967803593749999 0.26629954843750003 0.11547499375 0.2403283359375 0.2339189609375 0.188626903125 0.28402748437500003 0.175021396875 0.3509509796875 0.1773584171875 0.4222961984375 0.19520518125
1 0.39212085 0 0.431830159375 0.0643197875 0.42385864843750004 0.0793967515625 0.44295751250000004 0.1010027953125 0.4975364546875 0.10151279375 0.5333130953125 0.000858546875 0.5087275171875 0 0.39212085 0
1 1 0.0171556125 0.9943416015625001 0.0169580171875 0.7928894921875 0.029466309375 0.6350792859375 0.07141740468749999 0.5672794109375 0.09417669375 0.651407375 0.1013023265625 0.7796685578125 0.052735598437499996 0.8292415156249999 0.054466723437499996 0.9614862343749999 0.0339578984375 1 0.0362807390625 1 0.0171556125
1 0.5655664625 0.28536060937499996 0.580677353125 0.35010151718750004 0.5758616859375 0.41693845312500005 0.6051717046875 0.359332515625 0.616644309375 0.31506307968749997 0.64478581875 0.29091888906249996 0.6547535328125 0.21867810781250002 0.56041885 0.2195716859375 0.5655664625 0.28536060937499996
1 1 0.3067686078125 0.944317146875 0.24135334843749998 0.8587329796875001 0.2048621328125 0.740050009375 0.19234199375 0.77907543125 0.21185200625 0.8531914296875 0.2214198921875 0.9502924515625001 0.2834402 1 0.3527436984375 1 0.3067686078125
1 0.1355918671875 0.303848115625 0.0906840796875 0.310655540625 0.06263994687499999 0.332011253125 0.0043164703125 0.367664921875 0.0038295921875 0.38160731718749996 0.056708890624999994 0.359722928125 0.1368046296875 0.3401848984375 0.244311559375 0.31741626875 0.23765462343750002 0.2948487703125 0.1852622015625 0.3027907640625 0.1355918671875 0.303848115625
1 0.621455540625 0.31941891093749997 0.610372440625 0.3525344328125 0.6704442453125 0.33788090937500004 0.755545965625 0.3171217546875 0.7977803578125 0.31580473124999997 0.8304896578125 0.30298756875 0.9037823968750001 0.2650647578125 0.8741846859375 0.2598433640625 0.844392221875 0.2601989265625 0.621455540625 0.31941891093749997
4 0.09962713125 0 0.1457676421875 0.012452075 0.1971863046875 0.03239486875 0.25346488749999996 0.05529925625 0.3046887984375 0.080819009375 0.3384161109375 0.10991558593749999 0.29870905625 0.1099249234375 0.18804628437499998 0.08093358125 0.09896102500000001 0.0736348359375 0.0190113484375 0.0889901484375 0.013567175 0.1027594296875 0.073638978125 0.0881059078125 0.125836646875 0.0857408703125 0.16520288593750002 0.0954912078125 0.2168163 0.1098570453125 0.1368179375 0.12660659531250001 0.01147359375 0.162711725 0.0105972109375 0.187808034375 0.0782023359375 0.170625703125 0.148480859375 0.14795296875 0.2729001328125 0.1383383890625 0.2497159171875 0.16265569375 0.30672482031250003 0.1646464875 0.31741841875 0.14268488125 0.3562004015625 0.1691660921875 0.199996896875 0.165107284375 0.1227206203125 0.17497219375 0.0091365734375 0.22963521718750002 0.0063613624999999995 0.309106865625 0.0998241 0.26211682812500003 0.13783151093749998 0.239713103125 0.23134293593750002 0.19132882812500002 0.25802380937499997 0.20901181875 0.2663317 0.2553679453125 0.272120890625 0.2896241421875 0.20771609687499998 0.29938705312499997 0.1057020296875 0.306992159375 0.004559909375 0.360693725 0.0035374640625 0.389972753125 0.056708890624999994 0.359722928125 0.20178504375 0.3270987296875 0.35138029843749996 0.307195796875 0.42019818593749997 0.3263502453125 0.43132553749999997 0.3630332515625 0.44376302812499996 0.43326456249999995 0.4172769109375 0.41000461093749996 0.3769856 0.42674482343750003 0.41304106249999994 0.5313034421875 0.4258193671875 0.5917750765625 0.44199695781250004 0.697035484375 0.46824407343749996 0.6560738625 0.4543990671875 0.5550827296875 0.4766626453125 0.48606320937499997 0.505189221875 0.5219578703125001 0.489874709375 0.6051794546875 0.49959011249999996 0.68229540625 0.516312140625 0.62983364375 0.5475209890625 0.5178523703125 0.5693463765625 0.46138100312499997 0.5954961171875001 0.42320786093749996 0.6301971859375 0.42441965000000004 0.6735956515625 0.46083365 0.7601978296875 0.5392386046875 0.8072877015625 0.6120759421875 0.9153213265625 0.7163562140625 0.9013302578125 0.6195478 0.8598306234375 0.5287584625 0.80676100625 0.4850270421875 0.7732284453125 0.45035350625000004 0.8545369468749999 0.467152259375 0.8205175062500001 0.44642111875 0.7736666359375 0.4378053515625 0.7371198625 0.41838189375 0.65950720625 0.3668137125 0.6100316265625 0.36229410781250004 0.6153297359375001 0.35270754531250004 0.750539984375 0.31834288125 0.8102709718750001 0.313449034375 0.9036363328125001 0.269247475 0.884342715625 0.25321839218750003 0.8541510625000001 0.26014412187499997 0.838368228125 0.21950631406249999 0.8702498359374999 0.2303912234375 0.9403778609375 0.283093975 1 0.34970546874999997 1 0.2953183203125 0.9538909203125 0.25145925 0.9183854671875 0.232529234375 0.8916857203124999 0.1850737734375 0.81844610625 0.1504095765625 0.8805583671875 0.148390765625 0.9545769875 0.1607471296875 1 0.1757010171875 1 0.14105824375 0.9828645609375 0.132420221875 0.9406301703125 0.1337372421875 0.8541209343749999 0.12373657499999999 0.7916678593750001 0.1355150625 0.74267915625 0.1170530640625 0.6788185671875 0.09807172656249999 0.77475995 0.051168245312500006 0.8093636453125 0.05516851406249999 0.9539529171875 0.036486707812500005 1 0.03706641875 1 0.018210560937500002 0.812962115625 0.0231875625 0.6526245734375 0.0664463390625 0.534667484375 0.104205378125 0.5149843656249999 0.099330209375 0.5323880234375 0.027349096875 0.5258771515625 0.000598878125 0.4978330171875 0.0219545890625 0.4762555046875 0.000261990625 0.471268165625 0 0.399018303125 0 0.42954626406249996 0.058656273437499996 0.428962009375 0.075387146875 0.43557025781250003 0.09934888593749999 0.426722365625 0.1395221625 0.3450774828125 0.061290318749999996 0.29623484375000003 0.0386456015625 0.2719839328125 0.022443403125 0.2202244546875 0.012260284375 0.1703902078125 0 0.09962713125 0
1 0.47031114531249996 0.24155197031250003 0.4815314375 0.346639265625 0.4648094109375 0.3991010265625 0.48439071875 0.477957440625 0.5204993015625 0.509929053125 0.5476714890625 0.44247688281249997 0.542816003125 0.368322525 0.5422848734375 0.312466390625 0.5401514765625001 0.2314273921875 0.47031114531249996 0.24155197031250003
1 0.24631219999999998 0.1890596859375 0.264972871875 0.22321388281250001 0.2729886359375 0.2779354453125 0.27604710312499997 0.332483896875 0.29145899375 0.24647383281250002 0.3139173234375 0.17187735312500002 0.3248543609375 0.14294455 0.28796677187499997 0.13328076875 0.24631219999999998 0.1890596859375
1 0.8623579578125 0.5274507796875 0.8139048234375 0.49365214531249996 0.7707984859375 0.4488727109375 0.65916195625 0.44776615625 0.65911326875 0.44916039531249996 0.755581346875 0.529305815625 0.8053933093750001 0.5952585125 0.8433962859375 0.6440475546875 0.9054554234375001 0.71461575 0.909443396875 0.6714808828125001 0.901865825 0.6042111640625001 0.8806291296875 0.5727588906250001 0.8623579578125 0.5274507796875
1 0.5711611375000001 0.1962158421875 0.6095093640625 0.1640524390625 0.6105318109375 0.1347734109375 0.619184953125 0.10017709374999999 0.55459404375 0.1021093484375 0.45554550312500003 0.09585861875 0.4553994390625 0.1000413359375 0.437654965625 0.18178212656249998 0.43945198281250003 0.201388034375 0.46647367031250003 0.20931135156249997 0.4453786015625 0.244869125 0.4415366921875 0.28382127343749997 0.4822175046875 0.2559271453125 0.5503095078125 0.22480241875 0.5711611375000001 0.1962158421875