1 0 0.0161604796875 0.036156440625 0.017787368749999997 0.11820834218750001 0.028912862499999997 0.15081070937500002 0.0492733125 0.22053675 0.0647998625 0.280465403125 0.08747393437499999 0.33066971562499997 0.12148015937500001 0.412867703125 0.140974915625 0.3198740765625 0.07143773437499999 0.224936315625 0.0326311265625 0.0632635984375 0.007547098437499999 0 0.0086513671875 0 0.0161604796875
1 0 0.12225998906249999 0.089741396875 0.10336075 0.127035503125 0.1082909859375 0.14699548906249998 0.1149190921875 0.20174545156249998 0.1251258421875 0.290895828125 0.11659320937499999 0.18390003125 0.0975313 0.0796518390625 0.0937697515625 0 0.1216766453125 0 0.12225998906249999
1 0.2131984796875 0.2128299421875 0.2384832421875 0.24029463125 0.2276669359375 0.33117804687499997 0.230341496875 0.342293778125 0.26578517968750004 0.24121337656250003 0.2798360453125 0.19352785625 0.3014479921875 0.152686865625 0.2838460484375 0.1390410921875 0.25177933124999996 0.14936793125 0.2131984796875 0.2128299421875
1 0 0.2133376703125 0.07627487499999999 0.1845233140625 0.16270199531250001 0.1620851953125 0.20972044374999999 0.155683278125 0.28885430625 0.141744275 0.333417321875 0.13678052031250001 0.41308683124999995 0.1535288078125 0.3928833703125 0.13295193125 0.26609801875 0.11702605625 0.152247221875 0.1315710453125 0 0.184831609375 0 0.2133376703125
1 0 0.3309347109375 0.0879957265625 0.287571059375 0.10241180624999999 0.260808690625 0.21798760625 0.2029792359375 0.2673154015625 0.186769896875 0.3342694890625 0.185601209375 0.40645096093750005 0.1996895953125 0.3440668734375 0.1784536859375 0.279495178125 0.17399958124999998 0.1556765625 0.1859279546875 0.1209839765625 0.1879288203125 0.054541190625 0.2183899203125 0 0.25817955625 0 0.3309347109375
1 0.5761436859375 0.11580009375 0.5683878234375 0.09779655000000001 0.4791157078125 0.0993548 0.42210509218750003 0.10174522500000001 0.41525009375 0.1353521234375 0.39888988125 0.1928450671875 0.40443378750000003 0.2262355390625 0.415083340625 0.2679087046875 0.403220084375 0.2988124171875 0.46205309375 0.2587170328125 0.52098349375 0.2242011578125 0.5721336828125 0.17028685937500002 0.5761436859375 0.11580009375
1 0.4956365640625 0 0.4724274609375 0.0004051171875 0.363317096875 0.0023096453124999998 0.40912184375000005 0.06848460625 0.40195032499999994 0.08395810468750001 0.4221537875 0.1045349796875 0.47668462187499994 0.1021878375 0.5070846375 0 0.4956365640625 0
1 0.8965487937500001 0 0.7678622671875 0.014782507812500002 0.612463884375 0.06493525781250001 0.54594805625 0.091211728125 0.630333653125 0.09392467812500001 0.755877271875 0.0387118359375 0.8054728921875001 0.0378461421875 0.9364630249999999 0.010444268750000001 0.9915385109375 0.010878225 0.99134863125 0 0.8965487937500001 0
1 0.5542432484375001 0.28222328124999996 0.55546063125 0.351967121875 0.571410615625 0.4130819921875 0.5976656031250001 0.354021034375 0.6068056015625001 0.30921183750000003 0.633644934375 0.2836279234375 0.6398181984375 0.210964475 0.5456595640625 0.216793925 0.5542432484375001 0.28222328124999996
1 0.5185317406250001 0.3679600375 0.509801971875 0.2941614203125 0.5116000171875 0.2550615859375 0.5160726265625 0.2270774796875 0.439978540625 0.273055365625 0.463294825 0.3298557515625 0.456658953125 0.3760165390625 0.4522593875 0.40818527656250003 0.4602587296875 0.4401375890625 0.46825806718749996 0.4720899 0.4713465390625 0.5069185359375 0.4793215328125 0.537475971875 0.519700428125 0.434914125 0.5185317406250001 0.3679600375
1 0.7636124671875 0.197641225 0.8381276359375001 0.203317065625 0.9135923640625 0.26339310312499997 0.9966668671875001 0.3331034234375 0.996383696875 0.2884587078125 0.9301717046875 0.21845405156250003 0.8427950265625 0.186491975 0.723619453125 0.18020038124999999 0.7636124671875 0.197641225
1 0 0.406933278125 0.049974871875 0.38311523593749996 0.1289383 0.359412096875 0.2351062765625 0.33104819218750003 0.22727737343749999 0.30886001875 0.17537240468749998 0.3195331359375 0.1258254796875 0.32318858437500003 0.081335509375 0.3323369703125 0.05444748125 0.3551311328125 0 0.3924649171875 0 0.406933278125
1 0.6118382062500001 0.3133098984375 0.602503428125 0.34696008125 0.661726 0.32918272656249997 0.7456246421875 0.3039981390625 0.787732225 0.30047254375 0.8197259000000001 0.285961075 0.8861686859375 0.255499975 0.8611030515625 0.24058917656249998 0.8313700265625 0.24250347031250002 0.6118382062500001 0.3133098984375
1 0.8637606265625 0.5349514671875 0.833370215625 0.4992040875 0.8006217625 0.4704743765625 0.75498745 0.414063553125 0.6636251171875001 0.4379831171875 0.7216339859375 0.49278264062500005 0.7572030875 0.5409973421875 0.8051954421874999 0.590390496875 0.820463690625 0.6124488171875 0.8683343078125001 0.6548675890625 0.9037086296875 0.6919232765625 0.9081081937500001 0.6597545390625 0.896874296875 0.58460433125 0.8637606265625 0.5349514671875
4 0.49962128281249996 0 0.4728170234375 0.0227231453125 0.4501337796875 0.00218955625 0.3608373171875 0.0023529296875 0.40654467343749995 0.06294838281250001 0.40683684531250003 0.07968690625 0.41469009687499997 0.10326995624999999 0.4079568375 0.1438512390625 0.322329509375 0.069999571875 0.27236867343750004 0.049942115625 0.2473030390625 0.0350313171875 0.195081553125 0.0275710359375 0.0880614078125 0.0071142515625 0 0.008651368750000001 0 0.021780346875000002 0.0485309984375 0.0161760671875 0.1207368171875 0.0316593328125 0.1632583109375 0.05184664375 0.23052891562500002 0.0688113546875 0.283018228125 0.0916152796875 0.31822211562499997 0.11890682968749999 0.27856996562499997 0.1209942625 0.1665415640625 0.0978342921875 0.07719640625 0.0952079140625 0 0.11427200781249999 0 0.12679374375000002 0.0526664203125 0.11098440624999999 0.1046687765625 0.10589079531250001 0.144491359375 0.1135675 0.1967858890625 0.12521241249999998 0.1177737640625 0.1461257984375 0 0.18683707656249998 0 0.21227368593749998 0.061542275 0.19315228281250002 0.133017665625 0.1667892421875 0.2542834578125 0.1507195234375 0.2324036859375 0.17621686875 0.28943865 0.17522132031249998 0.2989682125 0.15273015 0.339082965625 0.177145378125 0.18288111093749998 0.18126719375 0.106227028125 0.1951629109375 0 0.253319240625 0 0.3335199015625 0.087922684375 0.283386428125 0.11230658281250001 0.259240675 0.2155565203125 0.205812275 0.23833715625 0.2319253703125 0.2341323703125 0.275253121875 0.2421073625 0.3058105578125 0.19761739218750002 0.31495894375 0.0739692078125 0.33665145625 0 0.38546006718750003 0 0.41511980625 0.049974871875 0.38311523593749996 0.1931447828125 0.34294305 0.341493384375 0.31523818124999997 0.41121942499999997 0.33076473125 0.4242513671875 0.366815103125 0.44034743593750003 0.43629923593750003 0.41268028437500004 0.41445733906250004 0.3733203078125 0.43328329375 0.41479853125000005 0.535811621875 0.43072416562500004 0.595531615625 0.4523884890625 0.6998010984375 0.47645586875 0.657521946875 0.49539325312500004 0.6055652265625 0.5171756328125 0.5744883749999999 0.526291284375 0.5282842999999999 0.5451799734375 0.473537828125 0.5566536671875 0.420316084375 0.6260631859375 0.4177092359375 0.6713079359375 0.45180203125 0.74200788125 0.5231236515625 0.8127321765625 0.59584015 0.8987977624999999 0.6947996 0.907036896875 0.5983799609375 0.8310852171875001 0.5104063875 0.7982637203125 0.47749204375 0.7702556984375 0.4361218734375 0.8523319484374999 0.44864224531249997 0.8172741468750001 0.42971995625000003 0.7700365687499999 0.42356798125 0.7325233359375 0.40608385468749997 0.652318175 0.358648278125 0.6026738625 0.35672421875000004 0.6074629890625001 0.3468735125 0.7406894296875 0.3054795859375 0.8000824328125 0.2974663671875 0.8910065093749999 0.24843902031249998 0.8709004359374999 0.2334416546875 0.8411126234375 0.24193800156249998 0.8232246015625 0.202181896875 0.8556321890625 0.21138333281250002 0.928422353125 0.26034364062500004 0.9916342625000001 0.3290053640625 0.99616456875 0.2759048171875 0.9402612609375 0.22804505000000003 0.9038137468749999 0.210999190625 0.8746669624999999 0.165006121875 0.7997135375 0.1342224953125 0.8616350203125 0.1289557484375 0.9361988828125 0.13742134374999998 0.9940219734375001 0.153155659375 0.9934619765624999 0.1210734921875 0.9629651734375001 0.1076527984375 0.9208575906249999 0.1111783921875 0.8339435171874999 0.1057189734375 0.7721924703124999 0.1207498609375 0.722304678125 0.1048770328125 0.6575382015625 0.0892639140625 0.7508933625 0.0374035296875 0.785658990625 0.0395872984375 0.929072378125 0.013363876562499998 0.9915385109375 0.010878225 0.99134863125 0 0.88188005625 0 0.7875787765625 0.0074618453125 0.6024717171875 0.060923765625 0.513905684375 0.1029334453125 0.49399439375 0.0990950921875 0.5076069999999999 0.026301790624999998 0.49972633125000004 0 0.49962128281249996 0