1 0.0024801578125 0 0 0.006975446875000001 0.0446428578125 0.009765625 0.1264880953125 0.022321428125 0.1587301578125 0.0432477671875 0.228174603125 0.0599888390625 0.2876984125 0.0837053578125 0.3373015875 0.11858258906250001 0.419146825 0.139508928125 0.327380953125 0.068359375 0.2331349203125 0.0279017859375 0.071924603125 0 0.0024801578125 0
1 0.1537698421875 0.10881696406250001 0.20833333281250002 0.119977678125 0.297619046875 0.11300223281249999 0.19097222187500001 0.0920758921875 0.08680555625 0.0864955359375 0.0024801578125 0.114397321875 0.096726190625 0.0962611609375 0.133928571875 0.10184151718750001 0.1537698421875 0.10881696406250001
1 0.16865079375 0.15625 0.215773809375 0.1506696421875 0.2951388890625 0.13811383906250002 0.339781746875 0.133928571875 0.419146825 0.1520647328125 0.39930555624999997 0.1311383921875 0.272817459375 0.11300223281249999 0.1587301578125 0.12555803593749998 0.0024801578125 0.17717633906250002 0 0.2064732140625 0.0818452375 0.17717633906250002 0.16865079375 0.15625
1 0 0.32366071406249997 0.0917658734375 0.28041294687499996 0.106646825 0.25390625 0.2232142859375 0.198102678125 0.272817459375 0.182756696875 0.339781746875 0.182756696875 0.4117063484375 0.198102678125 0.3497023796875 0.17578125 0.285218253125 0.1702008921875 0.1612103171875 0.1799665171875 0.1264880953125 0.1813616078125 0.059523809375 0.2106584828125 0 0.25251116093750003 0 0.32366071406249997
1 0.409226190625 0.224609375 0.419146825 0.26646205312500004 0.40674603125 0.2971540171875 0.46626984218749995 0.2580915171875 0.5257936515625 0.224609375 0.577876984375 0.1715959828125 0.5828373015625 0.1171875 0.575396825 0.0990513390625 0.4861111109375 0.0990513390625 0.429067459375 0.100446428125 0.421626984375 0.133928571875 0.40426587343750003 0.1911272328125 0.409226190625 0.224609375
1 0.372023809375 0 0.4166666671875 0.0669642859375 0.409226190625 0.0823102671875 0.429067459375 0.10323660781249999 0.48363095312500004 0.10184151718750001 0.515873015625 0 0.48115079375 0 0.372023809375 0
1 0.9771825406250001 0 0.7762896828125 0.01953125 0.6200396828125 0.0669642859375 0.553075396875 0.0920758921875 0.63740079375 0.0962611609375 0.7638888890625 0.0432477671875 0.8134920640625 0.0432477671875 0.9449404749999999 0.0181361609375 1 0.01953125 1 0 0.9771825406250001 0
1 0.5729166671875 0.41434151718749995 0.6001984125 0.3557477671875 0.610119046875 0.31110491093750003 0.63740079375 0.28599330312500004 0.64484126875 0.2134486609375 0.5505952375 0.21763392812500001 0.5580357140625 0.283203125 0.575396825 0.3473772328125 0.5729166671875 0.41434151718749995
1 0.9424603171875001 0.2678571421875 0.99950396875 0.341796875 1 0.2971540171875 0.9350198421875 0.2260044640625 0.8482142859374999 0.192522321875 0.7291666671875 0.18415178593749998 0.76884920625 0.20228794687499999 0.84325396875 0.2092633921875 0.9424603171875001 0.2678571421875
1 0 0.39899553593750003 0.05208333281250001 0.3752790171875 0.1314484125 0.35295758906249997 0.2380952375 0.3264508921875 0.2306547625 0.30412946406249997 0.178571428125 0.31389508906249997 0.128968253125 0.3166852671875 0.084325396875 0.32505580312500004 0.0570436515625 0.3473772328125 0 0.3850446421875 0 0.39899553593750003
1 0.7490079359374999 0.3083147328125 0.7911706359374999 0.30552455312500004 0.8234126984374999 0.29157366093750003 0.8953373015625001 0.25111607187499996 0.865575396875 0.24693080312500001 0.8358134906249999 0.2483258921875 0.6150793640625001 0.31529017812500004 0.60515873125 0.34877232187499996 0.664682540625 0.33203125 0.7490079359374999 0.3083147328125
1 0.8035714281249999 0.595703125 0.8184523796875001 0.6180245531249999 0.865575396875 0.6612723218750001 0.9002976203124999 0.6989397328125 0.9052579359375 0.6668526781249999 0.8953373015625001 0.5915178578125 0.8630952375 0.5412946421875 0.8333333328125001 0.5050223218750001 0.8010912687499999 0.475725446875 0.7564484125 0.41852678593750003 0.664682540625 0.44084821406249997 0.721726190625 0.49665178593750003 0.7564484125 0.5454799109375 0.8035714281249999 0.595703125
4 0 0 0 0.0139508921875 0.0570436515625 0.0083705359375 0.128968253125 0.0251116078125 0.17113095312499998 0.046037946875 0.2380952375 0.0641741078125 0.29017857187499996 0.087890625 0.32490079375 0.11579241093749999 0.285218253125 0.1171875 0.17361111093749998 0.0920758921875 0.084325396875 0.087890625 0.0049603171875 0.10602678593749999 0 0.119977678125 0.059523809375 0.10323660781249999 0.11160714218750001 0.0990513390625 0.1512896828125 0.107421875 0.203373015625 0.119977678125 0.1240079359375 0.139508928125 0 0.1799665171875 0 0.205078125 0.0669642859375 0.185546875 0.13888888906250002 0.1604352671875 0.2604166671875 0.146484375 0.2380952375 0.1715959828125 0.2951388890625 0.1715959828125 0.305059525 0.149274553125 0.34474206406249996 0.17438616093749998 0.18849206406250002 0.17578125 0.11160714218750001 0.188337053125 0 0.24693080312500001 0 0.3264508921875 0.0917658734375 0.27622767812500004 0.11656745937499999 0.25251116093750003 0.22073412656250002 0.2008928578125 0.24801587343749998 0.21763392812500001 0.257936509375 0.263671875 0.264917696875 0.2977051640625 0.2008928578125 0.30970982187499996 0.07688492031250001 0.32924107187499996 0 0.37806919687499996 0 0.407366071875 0.05208333281250001 0.3752790171875 0.195932540625 0.3376116078125 0.34474206406249996 0.3125 0.414186509375 0.32924107187499996 0.4265873015625 0.3655133921875 0.44146825312500004 0.43526785781250005 0.414186509375 0.412946428125 0.37450396874999997 0.43108258906249997 0.414186509375 0.5343191968750001 0.429067459375 0.5943080359375 0.44890873124999997 0.6989397328125 0.4737103171875 0.6570870531249999 0.45634920625 0.556640625 0.476190475 0.48688616093750003 0.5059523796875001 0.5217633921875 0.4935515875 0.60546875 0.5059523796875001 0.6821986609375 0.5357142859375 0.64453125 0.5481150796875001 0.5161830359375 0.5679563484375 0.458984375 0.5927579359374999 0.419921875 0.6274801578125 0.419921875 0.672123015625 0.45479910781250005 0.741567459375 0.52734375 0.8110119046875001 0.6012834828125 0.8953373015625001 0.7017299109375 0.9052579359375 0.60546875 0.830853175 0.5161830359375 0.7986111109375 0.48270089218749995 0.7713293640625001 0.44084821406249997 0.853174603125 0.45479910781250005 0.8184523796875001 0.43526785781250005 0.7713293640625001 0.42829241093750003 0.734126984375 0.41015625 0.6547619046875 0.361328125 0.60515873125 0.35853794687499996 0.610119046875 0.34877232187499996 0.7440476203124999 0.30970982187499996 0.8035714281249999 0.302734375 0.8953373015625001 0.25530133906249997 0.87549603125 0.2399553578125 0.8455644734375 0.2479305421875 0.828373015625 0.20786830312500001 0.8606150796875 0.21763392812500001 0.9325396828124999 0.2678571421875 0.9945436515624999 0.3376116078125 1 0.28459821406249997 0.9449404749999999 0.2357700890625 0.9087960031250001 0.21809072812500002 0.8804563484375001 0.1715959828125 0.8060515875 0.139508928125 0.8680555562500001 0.13532366093749998 0.9424603171875001 0.14508928593749998 1 0.1618303578125 1 0.129743303125 0.9697420640625 0.11579241093749999 0.9275793640625001 0.11858258906250001 0.840773809375 0.11160714218750001 0.7787698421875 0.12555803593749998 0.7291666671875 0.10881696406250001 0.664682540625 0.0920758921875 0.7589285718750001 0.041852678125 0.79365079375 0.0446428578125 0.9375 0.0209263390625 1 0.01953125 1 0 0.796130953125 0.012555803125 0.610119046875 0.0627790171875 0.5208333328125 0.10323660781249999 0.5009920640625001 0.0990513390625 0.515873015625 0.026506696875000003 0.508432540625 0 0.48115079375 0.022321428125 0.4588293640625 0.0013950890625 0.3695436515625 0 0.414186509375 0.061383928125 0.414186509375 0.078125 0.421626984375 0.10184151718750001 0.414186509375 0.1422991078125 0.3298611109375 0.0669642859375 0.28025793593750004 0.046037946875 0.2554563484375 0.0306919640625 0.203373015625 0.022321428125 0.096726190625 0 0 0
1 0.48363095312500004 0.478515625 0.5208333328125 0.5092075890625 0.5456349203124999 0.44084821406249997 0.5381944437499999 0.3669084828125 0.5357142859375 0.31110491093750003 0.53075396875 0.2301897328125 0.461309525 0.2427455359375 0.476190475 0.3473772328125 0.461309525 0.400390625 0.48363095312500004 0.478515625
1 0.25049603125000003 0.28459821406249997 0.257936509375 0.33900669687499996 0.2827380953125 0.25390625 0.30257936406249997 0.178571428125 0.3125 0.149274553125 0.2752976203125 0.1409040171875 0.2356150796875 0.198102678125 0.2554563484375 0.23158482187499999 0.25049603125000003 0.28459821406249997