1 0 0.1207262640625 0.0286068828125 0.1185861953125 0.0647299859375 0.1317233078125 0.13616049531250002 0.13241370624999999 0.19949377031249999 0.142132428125 0.25567128906250003 0.164957471875 0.34012624062499996 0.1669362984375 0.2347071546875 0.11825313281250001 0.13377566406250002 0.10003321406250001 0 0.10746723124999999 0 0.1207262640625
1 0 0.20524500781250002 0.0162405953125 0.1973258296875 0.0537447890625 0.19439444687500002 0.0836853765625 0.1917774765625 0.130322309375 0.19532834999999998 0.2157505015625 0.16844676875 0.107129625 0.172047084375 0.0264405953125 0.1863802578125 0 0.197297684375 0 0.20524500781250002
1 0 0.2923153890625 0.01994299375 0.27951464375 0.09981632812499999 0.23959764374999998 0.1444762765625 0.2235599375 0.2189827921875 0.19347268125 0.2615399765625 0.17935222343749999 0.34295068125 0.17917029843750001 0.318910540625 0.1632436125 0.19158457812500002 0.1740259125 0.0832457671875 0.2119239703125 0 0.26250106562500003 0 0.2923153890625
1 0 0.419499165625 0.0528325484375 0.3778736453125 0.0613693921875 0.34869882812499997 0.162396165625 0.268103525 0.2072759171875 0.241992575 0.2725239140625 0.2269288875 0.3460571875 0.2257020375 0.28062114843749997 0.21790056406249997 0.2165344390625 0.226969003125 0.0979016046875 0.2643800515625 0.06438313906250001 0.27355018593749997 0.00572550625 0.3171598703125 0 0.32354374375 0 0.419499165625
1 0.3691583703125 0.0170551171875 0.262828303125 0.041603346875 0.3213906546875 0.096808884375 0.317592971875 0.1134352921875 0.3416331125 0.129361978125 0.3944843203125 0.11572852812500001 0.40299066406249995 0.009244315625000001 0.3691583703125 0.0170551171875
1 0.6083945281250001 0 0.5195512328125 0.051059909375000004 0.4599521203125 0.09059159375 0.5430577421875 0.0757005078125 0.6482533515625 0 0.6083945281250001 0
1 0.5077795765625 0.2757044203125 0.53913175625 0.33432834843750003 0.5517788515625 0.40013425781249995 0.5651806421875001 0.33690520468749996 0.564804553125 0.291174884375 0.5857381875 0.260569828125 0.5766689703125001 0.18821075781250002 0.4857799390625 0.21348950000000003 0.5077795765625 0.2757044203125
1 0.694987978125 0.14944037500000001 0.7690548859375 0.13949961093750002 0.8788993078124999 0.174275034375 0.9511137546875 0.2334876671875 0.9415546140625001 0.18987741875 0.8622347265625001 0.13516877968750002 0.7701221484375 0.12207178437499999 0.6522427515625 0.140695671875 0.694987978125 0.14944037500000001
1 0 0.5064633984375 0.035507290625 0.479234934375 0.1078170203125 0.43963234531250006 0.205767784375 0.389814696875 0.1934967796875 0.36973910781249997 0.144945125 0.3909706421875 0.0972409296875 0.40484759531250003 0.055625228125 0.4230460515625 0.0340639421875 0.4509324421875 0 0.4867504203125 0 0.5064633984375
1 0.5705792187500001 0.2941370546875 0.56844469375 0.32899270937499997 0.622676990625 0.2992907671875 0.6995060750000001 0.257213015625 0.7399604953125001 0.2450098046875 0.7682379265625 0.2241635875 0.8292181296875001 0.1685634078125 0.799277540625 0.1711803796875 0.7705922562499999 0.179234684375 0.5705792187500001 0.2941370546875
4 0.6071814609375 0 0.535212071875 0.0417171765625 0.43104703281249995 0.1087191484375 0.41077281406250005 0.1091044609375 0.40895337343750005 0.035071648437500005 0.3957408875 0.010918059375 0.3741796 0.0388044484375 0.34772286406249997 0.023435678125 0.27007808125 0.039929603125000004 0.31771875625 0.0919294640625 0.321484678125 0.10824146406249999 0.334069509375 0.1296763859375 0.33592071093750003 0.17077079374999998 0.23680991875 0.1163358859375 0.18377066875 0.1071041734375 0.1561526484375 0.0977306515625 0.103521246875 0.10129085156249999 0 0.103420471875 0 0.12069016562499998 0.031651128125 0.1207469484375 0.08647931875 0.1267020796875 0.1467683453125 0.13426005000000002 0.20285184374999998 0.1456525125 0.2429606734375 0.16502837812499999 0.2046090203125 0.175314340625 0.090213478125 0.17595248593749999 0.002274671875 0.1919594015625 0 0.19306254843749998 0 0.206644 0.0313678015625 0.196697009375 0.0719162421875 0.19592637968749999 0.12548912343750002 0.19644417812499998 0.05255174218749999 0.2333281015625 0 0.264990465625 0 0.29512282500000003 0.0073264015624999995 0.291018128125 0.0693421078125 0.250928528125 0.187033459375 0.20943948125 0.170933009375 0.23892870937500002 0.22651463593750001 0.2260966796875 0.23115977812500002 0.2021156890625 0.2754741390625 0.21765705937500002 0.1235426421875 0.25416499375 0.0514527171875 0.2836943375 0 0.3279498328125 0 0.420015528125 0.051891067187499994 0.3737956453125 0.082804896875 0.34231826718749997 0.16060722656249998 0.2713801078125 0.1909556640625 0.281555046875 0.21097832031250002 0.32418138750000003 0.2254364046875 0.35577197968749996 0.165752978125 0.3818714140625 0.0691833015625 0.4156205671875 0 0.4800586375 0 0.51429395625 0.035507290625 0.479234934375 0.1671963296875 0.4101739078125 0.3065429921875 0.35223105 0.377973503125 0.35292144687500004 0.398215959375 0.3854745390625 0.4284068546875 0.4500937171875 0.3968031109375 0.43448144062500005 0.3622173796875 0.461079403125 0.42410604375 0.5527434328124999 0.45210014843749996 0.6078472765625 0.49496989999999996 0.7053339546874999 0.50972101875 0.6589748140625 0.47020934218750005 0.565008221875 0.4738507390625 0.49257824531249994 0.51069551875 0.519866603125 0.5174421671875 0.6042161703125 0.5467856015625 0.6761899265625 0.5493597375 0.6211877765625 0.5505222843750001 0.504944728125 0.5569881234375 0.44474875 0.572366896875 0.4011082765625 0.606199190625 0.3932974765625 0.657543525 0.41723835 0.7614875015625 0.47055742812499995 0.825824515625 0.5287251375 0.9571667046875 0.6014909859375 0.9185965078124999 0.5116023921874999 0.8550129296875 0.4346475234375 0.7924330921875 0.40614164218750004 0.751068953125 0.38132844375 0.833954771875 0.37651060468750003 0.7957289015625 0.365290740625 0.7482445125 0.3690944453125 0.707915878125 0.359791828125 0.6196009828125 0.33006842187499996 0.57064148125 0.3385080421875 0.5732778765625001 0.32787688125000003 0.69498671875 0.2596881765625 0.7514158015625 0.2395015671875 0.8301596109375 0.17264140781249998 0.8073747765625001 0.16215205625 0.7800043875 0.1766559734375 0.754241503125 0.14148776406250002 0.78785399375 0.143750209375 0.8692329375 0.176506690625 0.9501722750000001 0.22940966718750003 0.9387301734375001 0.1776434203125 0.8740978828125 0.14245245625 0.8349028000000001 0.133356953125 0.796830446875 0.09442890000000001 0.7171146578125 0.0799016640625 0.7765879890625 0.06187580625 0.8512825484375 0.054653709375000005 0.9111134140624999 0.058022096875 0.9038953984375 0.02675743125 0.871274703125 0.0199706546875 0.8308202843749999 0.0321738640625 0.744670415625 0.0449041984375 0.6873938749999999 0.0724453890625 0.6352961046875001 0.0672916765625 0.5686987796875 0.06548545 0.6438907984375 0 0.6071814609375 0
1 0.404431496875 0.2580424140625 0.442468059375 0.35664492187499997 0.43989392499999996 0.4116470703125 0.4792175578125 0.482748503125 0.5223706328125 0.50428511875 0.53115904375 0.432098646875 0.5072764453125 0.3617277296875 0.49230678125000005 0.3079123140625 0.46927164218749995 0.2301868140625 0.404431496875 0.2580424140625
1 0.1744791265625 0.265313953125 0.20134370937499999 0.2934746375 0.223249325 0.344256975 0.2403217546875 0.39615514375 0.23294745468750003 0.30908691093749996 0.2353335453125 0.23121960156250002 0.23840955312499998 0.200441946875 0.20027770781249998 0.2006546609375 0.1744791265625 0.265313953125
1 0.85711569375 0.4327302765625 0.8015658296874999 0.412623896875 0.748338534375 0.380527025 0.6402195296875 0.40835183593749996 0.6405333578125 0.40971116875 0.754457528125 0.4621579234375 0.819642003125 0.512971053125 0.8689775921875 0.5502617546875 0.9471865078124999 0.6023633109375 0.9398744703125 0.5596660640625 0.9151444124999999 0.49664972656249995 0.8864908937499999 0.4717656234375 0.85711569375 0.4327302765625
1 0.4901112546875 0.188149178125 0.5188282953125001 0.147156465625 0.5122379328125 0.11861046718749998 0.5116420421875 0.08295339375 0.44975211875000004 0.101537165625 0.3524607671875 0.12113507187500001 0.353402246875 0.125213071875 0.357418475 0.20876121875 0.3642286421875 0.2272339703125 0.39238029375 0.2278935796875 0.38120705 0.26769955625 0.38757760937499997 0.3063188015625 0.419652725 0.268846175 0.47736887812499995 0.221158490625 0.4901112546875 0.188149178125