1 0.5088334015625 0.2109420890625 0.5186067359375001 0.1913745203125 0.5338914671875 0.1730656796875 0.5449472906249999 0.153271975 0.544969309375 0.138397871875 0.5324207421875 0.1272273234375 0.5346152828124999 0.117174725 0.5415583359375 0.1040543 0.532497809375 0.07516796249999999 0.51069550625 0.079012296875 0.465021703125 0.0974718859375 0.4461658203125 0.1030272203125 0.40706644062499997 0.09876883125 0.3521847453125 0.102497865625 0.3765208015625 0.1205151828125 0.38737241093749997 0.15205974687499998 0.3817008359375 0.17239108593750002 0.3915462703125 0.19072986875 0.39164038749999996 0.21376211406249998 0.4137800953125 0.24182926093749998 0.40992162031249996 0.24994472499999998 0.4136920203125 0.3013256734375 0.463658984375 0.239725865625 0.5088334015625 0.2109420890625
1 0.6504707609375 0.15176609375 0.7516271640625 0.1554913109375 0.792666790625 0.1482549171875 0.8055968015625 0.1615887390625 0.8155693859375001 0.1806486125 0.8610591875000001 0.19865041875 0.9257642984375 0.2281342703125 0.9651078562500001 0.2583724890625 0.9532831046875 0.1913109875 0.8884389453124999 0.1514425015625 0.845503109375 0.1404254703125 0.8016662296874999 0.13179785156249998 0.7285754015625 0.1372506265625 0.6725383671875 0.141926890625 0.6504707609375 0.15176609375
1 0 0.39809745625000004 0.033802009375 0.3742109609375 0.0816795625 0.33825895 0.08901506875000001 0.3198647484375 0.102879153125 0.30849800312500003 0.16384689375 0.26428975 0.20453810625000002 0.2325789265625 0.266744296875 0.21789274218750002 0.297905459375 0.2146287203125 0.3148431140625 0.2056940671875 0.275298015625 0.20544253750000002 0.2286731078125 0.2119660328125 0.2036586953125 0.2190661109375 0.14504605937499998 0.2326598265625 0.082574565625 0.25334087968749996 0.062061885937500005 0.2658492546875 0.04086616875 0.2792829703125 0 0.3162890921875 0 0.39809745625000004
1 0.4323851875 0.42233888124999996 0.4546410328125 0.45856417031249996 0.47340883749999996 0.5125052484375 0.4724417359375 0.559516971875 0.47171792031250004 0.6154079265625 0.479750253125 0.645962584375 0.48366982031249994 0.6831905203125 0.49252009062499996 0.6808864671875 0.505272875 0.640718746875 0.521779003125 0.5768403656250001 0.5333874562500001 0.5301828203125 0.5405127046875 0.48059822968750004 0.5602142609375 0.41234353749999997 0.5682185343749999 0.37524363906249997 0.5792743578125 0.355449934375 0.5859961421875 0.318576171875 0.5796387484375 0.28252160000000004 0.5862113671875 0.2598008515625 0.5699645015625 0.235155703125 0.5591225765625001 0.2178434609375 0.5297399484375 0.2170166609375 0.4985897953125 0.21284362968749998 0.46766090625 0.2324239359375 0.443514896875 0.2604738828125 0.421414259375 0.29262424062500003 0.4331779203125 0.3143423421875 0.4464783671875 0.337276490625 0.437973653125 0.3715382453125 0.4323851875 0.42233888124999996
1 0 0.18618012343749998 0.011531221875 0.1804116265625 0.030768546875000004 0.177019565625 0.046678009375 0.16975323281250002 0.09809368125 0.168865884375 0.13078061875 0.17425496093749998 0.15399255625 0.17090558125 0.21902902968750002 0.149772253125 0.1753082875 0.14930277812499998 0.12607614843749998 0.14757457812500002 0.066318796875 0.153650346875 0.0271973984375 0.164266059375 0 0.174331971875 0 0.18618012343749998
1 0.2542429484375 0.2669859203125 0.25250691718749996 0.22714243281250002 0.261274078125 0.194369084375 0.2375755671875 0.17995999375 0.212664428125 0.188171196875 0.20162185625 0.21604004531249998 0.1934904328125 0.252418853125 0.20629329843750002 0.2650315828125 0.2221587203125 0.28751345625 0.22775322656250002 0.3192414796875 0.2337071578125 0.3680068796875 0.2430440015625 0.383461296875 0.244486665625 0.3616450953125 0.24546477812499998 0.307196321875 0.2542429484375 0.2669859203125
1 0 0.48882369218750005 0.0466683953125 0.447179859375 0.08618225 0.43129036875000004 0.16239068125 0.39852147968749996 0.2341159109375 0.3628255453125 0.2858078984375 0.348506275 0.30966658593749996 0.3413253 0.35979976874999997 0.3406640890625 0.421199034375 0.3513995609375 0.43912084218749997 0.37054479375 0.44570446874999997 0.3403869921875 0.39263587499999997 0.3319001546875 0.328533478125 0.328332915625 0.2768635078125 0.3277780828125 0.2223522484375 0.3411074421875 0.1845023265625 0.3589340703125 0.1496098375 0.3710346453125 0.11254482187499999 0.37831371874999997 0.072776675 0.3927610265625 0.050581918749999996 0.4018791390625 0.036259599999999996 0.42535091718749996 0 0.45666065937500006 0 0.48882369218750005
1 0 0.269834046875 0.0296110984375 0.260449234375 0.04220370625 0.2418715765625 0.07863298125 0.23098704374999998 0.1278981484375 0.2104040890625 0.1789433875 0.1999164140625 0.23308421093749998 0.1769867265625 0.2371028640625 0.1472812 0.10352854062500001 0.1917918015625 0.0394174625 0.21857051093750002 0.015802059375 0.23463072031249999 0 0.241939134375 0 0.269834046875
1 0.3985469078125 0.035445709375 0.383965559375 0.012746696875 0.300603815625 0.027445621875 0.29686003125 0.028105751562499996 0.315069025 0.0419864890625 0.33003340312499996 0.0668577734375 0.3541023484375 0.09086718906249999 0.35754635 0.1028996046875 0.42088586093749997 0.102140296875 0.3985469078125 0.035445709375
1 0.652450259375 0 0.6097401546875 0.025764207812500002 0.574836653125 0.045301834375 0.5149301328125 0.0655306140625 0.467572184375 0.0969299390625 0.52234875 0.0776057109375 0.5379818953125 0.083771296875 0.5488885515625 0.07813060468750001 0.570171253125 0.07883895625000001 0.5826146921875 0.074414309375 0.60584865 0.056190825 0.66250925625 0.0166013296875 0.6942216984375 0 0.652450259375 0
1 0.709069778125 0.1006415390625 0.7284922921875 0.10678132968750001 0.7301452140625 0.11615551718749999 0.7753807234375001 0.1327151421875 0.8374267359375 0.1396190203125 0.83539236875 0.1280815578125 0.818360596875 0.1139839640625 0.8169619703125001 0.10605195781250001 0.7687690328125 0.09521838593750001 0.7391556625 0.0922614015625 0.709069778125 0.1006415390625
1 0.6157945687499999 0.27758571718749997 0.6117258359375 0.2545107921875 0.6063746171875 0.231662003125 0.5998790656249999 0.20232339375000002 0.5899597421875 0.1752084203125 0.55729164375 0.215780790625 0.563693078125 0.22208715625000003 0.5777674187499999 0.2419108015625 0.589276784375 0.2621867203125 0.5789948593750001 0.27886992187500004 0.5772979 0.2992439390625 0.594042346875 0.3342105046875 0.6153690859375 0.3051706515625 0.6157945687499999 0.27758571718749997
1 0 0.0903081796875 0.0489634875 0.092720946875 0.07870400625 0.096399025 0.11842811718749999 0.111699921875 0.1774005609375 0.1161717109375 0.22308356875 0.0902722984375 0.1950179921875 0.0810943078125 0.1651503265625 0.076695140625 0.1391191171875 0.0790546109375 0.0982176453125 0.07957504374999999 0.0570618796875 0.07865329374999999 0.0039712671875000004 0.0850405578125 0 0.0849979140625 0 0.0903081796875
1 0.4109561796875 0.42830026875 0.3804197453125 0.442606796875 0.3643721265625 0.45658909062499997 0.37781073125 0.472807278125 0.376379075 0.4871864265625 0.40606454531249997 0.5280497625 0.44561746874999997 0.572377775 0.435561778125 0.5228486046875 0.4447324015625 0.47736442500000004 0.43272545156250003 0.44676708906249996 0.4109561796875 0.42830026875
1 0.729289284375 0.2612910921875 0.7721309984375 0.2492758765625 0.8193618031250001 0.21715545937499997 0.8442707015625001 0.19343205937500002 0.8220553765625 0.186360359375 0.7594993234375 0.2076360296875 0.708686359375 0.2344399921875 0.665325040625 0.25100789375 0.6209245218749999 0.27668116875000004 0.5826821468750001 0.299781575 0.5911069359375001 0.32506245312500004 0.622544415625 0.3083665125 0.6598747359375 0.29509257031249997 0.7096595046874999 0.2699569296875 0.729289284375 0.2612910921875
1 0.34971676875 0.2984795265625 0.37364755625 0.329204903125 0.42671615 0.3376917421875 0.42803166875 0.3151544484375 0.41076761875 0.2847405703125 0.3924643671875 0.26343206406249997 0.36261485000000004 0.25100517031249997 0.349103046875 0.27999996562499996 0.34971676875 0.2984795265625
4 0.6543558593750001 0 0.6541488249999999 0.0001371546875 0.5902456734375 0.03519735625 0.5598363859375 0.050224978125 0.5149382828125 0.065576834375 0.4687356734375 0.0960289328125 0.45282621250000005 0.103295265625 0.43589956875 0.10479286875 0.43654758125 0.0034750671875 0.4026649671875 0.036301921875 0.383965559375 0.012746696875 0.291626396875 0.0290285828125 0.320077121875 0.047890343749999995 0.32992255625 0.06622912656249999 0.3495082953125 0.087311496875 0.3575626515625 0.10299205 0.37523016249999996 0.1206950984375 0.384555996875 0.1435865671875 0.3873422390625 0.16688762968749998 0.3580051859375 0.15049872343749998 0.30828647187499997 0.1310120546875 0.2726751328125 0.1090378765625 0.2544880203125 0.09588751250000001 0.2270581828125 0.090314978125 0.1919444234375 0.078662215625 0.16220390625 0.0749841390625 0.127322425 0.0796476640625 0.0875762953125 0.07922086874999999 0.051931928125000006 0.07955784375 0.011793343750000001 0.08440482656250001 0 0.0845579578125 0 0.0916812609375 0.048836340625 0.09199985625 0.0843425515625 0.09837884062499999 0.12086594531249999 0.11052655625 0.1852226390625 0.1155359765625 0.242763428125 0.134386915625 0.2912106625 0.14666266875 0.2069698921875 0.1488769015625 0.1432489375 0.14747293749999998 0.12286728124999999 0.144375175 0.0947796859375 0.15007128593750002 0.0620817375 0.15211926250000002 0 0.173648959375 0 0.18630926718750002 0.01165021875 0.181086496875 0.0419213484375 0.1727748359375 0.0912916453125 0.167787075 0.12115931093750001 0.17218624375 0.1514194296875 0.17131163437500002 0.0368524859375 0.21902278593750002 0.013237084375 0.2350829953125 0 0.2417205671875 0 0.27018129687500003 0.02730041875 0.26234369062499996 0.0511811234375 0.24028861406250002 0.13046312499999999 0.20995181562499998 0.1738134328125 0.2008209640625 0.21511836562500003 0.18758970156250002 0.20006591093749998 0.2222148296875 0.11220995468749999 0.2414237609375 0.072696103125 0.25731325156249996 0.0237903578125 0.294933584375 0 0.31777481875 0 0.3997514109375 0.0009601859375000001 0.3979414421875 0.0389482640625 0.3733988546875 0.0652668 0.3501704109375 0.0878540078125 0.33577852343750003 0.091469196875 0.318783825 0.140756384375 0.283326765625 0.195831284375 0.23569651406249997 0.1873404375 0.25503794375 0.20834682187500003 0.2691782140625 0.22086236406249998 0.3026599171875 0.22581012031249997 0.33821953437499996 0.1783360328125 0.36146071874999997 0.11125418437500001 0.3784936359375 0.050446621875 0.4011118265625 0.034515140625 0.4232522625 0 0.45994107343749996 0 0.489354484375 0.038572864062500004 0.45376423906249996 0.0741231140625 0.4303950171875 0.1714871 0.3976133890625 0.215379028125 0.3690557484375 0.23423490781249998 0.363500415625 0.243306446875 0.3849497 0.248215134375 0.3602918125 0.3033731421875 0.34313085625 0.3813538765625 0.3395256640625 0.3842750375 0.34447940312499997 0.401019484375 0.3794459671875 0.4228938875 0.4135079828125 0.43528227812500003 0.44626859375 0.425552984375 0.43608795312500004 0.41197622031250003 0.4265857265625 0.3689853375 0.45275395625000003 0.3708815453125 0.4710073796875 0.3816170171875 0.4943938 0.4105395984375 0.5309305859375 0.43562000625 0.5756752781250001 0.440567765625 0.611234896875 0.45501254218750004 0.6406588656250001 0.4819948796875 0.688690434375 0.4946926140625 0.685707971875 0.5117403625 0.6024028015625 0.53260255 0.540730375 0.54103230625 0.4760455421875 0.5586937765625 0.41121993437500004 0.59486875625 0.3988932203125 0.6311488640625 0.402161703125 0.667141646875 0.42629915625 0.6982807906249999 0.4379092375 0.73618079375 0.4728630625 0.784594996875 0.5074499734375 0.8219864078124999 0.53951943125 0.8508038625 0.5604610234375 0.910102703125 0.6042813437500001 0.9357194390625001 0.6220697515625 0.9364432562499999 0.5661787953124999 0.9111358640624999 0.5126473109374999 0.8678626203125 0.469718803125 0.852505790625 0.4501212953125 0.82611515625 0.43544338906249996 0.8030523828125 0.42463975625000006 0.772454859375 0.3936028859375 0.8004042984374999 0.394622734375 0.8234890890625 0.3905522625 0.8445174921874999 0.38981843125000004 0.7982427828125 0.382364178125 0.761188778125 0.38220620156249996 0.7149360890625001 0.3598778453125 0.6666270125 0.3408861296875 0.629202575 0.3311278265625 0.59393965 0.33362807656250004 0.6315462843749999 0.3069222140625 0.6710601375 0.2910327234375 0.7095568078125 0.269374503125 0.76046960625 0.250636240625 0.8038419343750001 0.2266312875 0.8440090546875 0.19364837968749998 0.901554334375 0.2183240875 0.9343574125 0.23187130625000002 0.9666417812500001 0.2670718078125 0.95354555 0.192799390625 0.937253753125 0.180801853125 0.8963853109375 0.15901113125 0.896014878125 0.14941080625 0.8679382906249999 0.147669865625 0.8397455656249999 0.137770784375 0.821580471875 0.109746315625 0.7847864812500001 0.096063975 0.7369639796875 0.0948307296875 0.8078932906249999 0.0771194015625 0.8550800546874999 0.0747471890625 0.9342027734375 0.08310105 0.9270824921875 0.042719931249999996 0.8984633921875 0.043305182812499995 0.8365225093750001 0.0519965 0.7897171875 0.056531984375 0.74097161875 0.07256225468750001 0.7058138234375 0.0906576984375 0.6787544203125 0.09468549062500001 0.65095415 0.0795126296875 0.6122362125 0.077417515625 0.5754365031249999 0.0787017203125 0.6179187953125 0.0496491265625 0.662330325 0.0165388 0.6928830046875001 0 0.6543558593750001 0