1 0 0.128905746875 0.0220220890625 0.12687123125 0.058368964062499994 0.1393759078125 0.1298006453125 0.138819565625 0.1932938875 0.147431490625 0.249861203125 0.169272625 0.3343378265625 0.16977720624999998 0.2280851578125 0.12294127343750001 0.12685105937500002 0.1064856265625 0 0.11575802500000001 0 0.128905746875
1 0 0.210933771875 0.01103188125 0.20581469375 0.048479203124999995 0.2022292203125 0.069418615625 0.204197428125 0.12506135937500001 0.20182651875 0.2100073921875 0.1734581046875 0.10146589375 0.1789535671875 0 0.1985543796875 0 0.210933771875
1 0.1559499765625 0.284706396875 0.186764903125 0.30577933281249997 0.1966701375 0.39676655312500003 0.2017766453125 0.40699574375 0.21357376718749999 0.30053293124999997 0.21653760000000002 0.25090883124999996 0.22840841250000002 0.20625296249999997 0.2081879734375 0.1969165046875 0.17926615625 0.21419210937500002 0.1559499765625 0.284706396875
1 0 0.2987071484375 0.016168109375 0.28792637499999996 0.0953326296875 0.246621471875 0.13970587968749998 0.2298067859375 0.213675953125 0.1984237921875 0.2559802203125 0.18356276093749999 0.33737534999999996 0.18196004999999998 0.3130609125 0.1664553484375 0.18594251875 0.1794581515625 0.0782816203125 0.21924120937499997 0 0.268693121875 0 0.2987071484375
1 0 0.4271525984375 0.050769256250000006 0.3856963953125 0.058795628125 0.35637703125 0.1584004328125 0.27403084375 0.20281765 0.24714060937500001 0.26779281250000003 0.2309404828125 0.34129347499999996 0.2284304859375 0.275731246875 0.2217722171875 0.21181256406250001 0.2319577421875 0.0938507125 0.27143352187500003 0.060497390625 0.2811872375 0.0026097859375000003 0.325813996875 0 0.32882809218750003 0 0.4271525984375
1 0.4877659546875 0.1085185109375 0.47615895625000004 0.092721084375 0.38952541093750004 0.11432125468750001 0.33451370156250004 0.1294750109375 0.3353943046875 0.16376260625 0.3323865015625 0.22346225468749997 0.3452995390625 0.254749825 0.3650505671875 0.29295928125000004 0.3604431875 0.32573958593749996 0.4087488140625 0.27343729687499996 0.4584044484375 0.22654960468750002 0.4961155828125 0.1625108375 0.4877659546875 0.1085185109375
1 0.3607497484375 0.019412171875000002 0.2548643015625 0.0458123796875 0.314381203125 0.0999874546875 0.31087426875 0.116677609375 0.3351887078125 0.1321823109375 0.387793928125 0.11762855624999999 0.39444057187500003 0.01101210625 0.3607497484375 0.019412171875000002
1 0.59661659375 0 0.5117131703125 0.0507870703125 0.45281305781250003 0.09135288124999999 0.5356461375 0.07501366875 0.6361403343750001 0 0.59661659375 0
1 0.50386389375 0.275602809375 0.5207390265625 0.3432852671875 0.55002806875 0.3992458015625 0.5623243171875 0.33579248437500003 0.5611501828125001 0.29007569375000003 0.5815464968749999 0.25910995625 0.5712158203125 0.18692018593749998 0.4807818078125 0.21378131093750002 0.50386389375 0.275602809375
1 0.48835424375 0.36717547968750003 0.46324714218749996 0.2972320859375 0.4562035546875 0.2587299046875 0.4542664765625 0.2304569125 0.3904654515625 0.29237383125 0.42596144843749995 0.34247340625 0.42987957187500003 0.3889438421875 0.43282915781250003 0.42127778281249995 0.4478111828125 0.4506116984375 0.4627932046875 0.479945615625 0.4736372578125 0.513186840625 0.4882817796875 0.5411671078125 0.5045543718750001 0.4321506390625 0.48835424375 0.36717547968750003
1 0.688840171875 0.1460907578125 0.7627223078124999 0.1348588609375 0.849767046875 0.176419284375 0.946393765625 0.2256552375 0.936074978125 0.1822184625 0.855812375 0.128902478125 0.76348525 0.1174150625 0.6459488390625 0.13809339375000002 0.688840171875 0.1460907578125
1 0 0.5153388234375 0.0352156359375 0.4873446125 0.10682319062500001 0.446486075 0.20388959843749999 0.3949665390625 0.1912700953125 0.3751081671875 0.143096378125 0.39718380937500003 0.09564163437499999 0.4118912015625 0.054349876562499996 0.43081318125 0.033278559375 0.4590716203125 0 0.4953097640625 0 0.5153388234375
1 0.566975665625 0.29293663125 0.56544978125 0.32782423125000004 0.619155446875 0.29718032656250004 0.6952384734375 0.2537681328125 0.7354737546875 0.240860753125 0.7633830640625 0.2195242015625 0.8212706687500001 0.17489744062499998 0.793493265625 0.16600734687500002 0.7649529171875 0.174561053125 0.566975665625 0.29293663125
1 0.8622998359375 0.45222732656250003 0.8246469171875 0.42423250625 0.786275025 0.403605934375 0.72912064375 0.358906403125 0.645480653125 0.40276496249999993 0.71432996875 0.44311082187500006 0.759833384375 0.48208847656250003 0.817706740625 0.5194197578125 0.83754570625 0.537478115625 0.8937315515625001 0.5680411515625 0.936534946875 0.5961896140625 0.9335853593750001 0.5638556718750001 0.9057342671875 0.4931586375 0.8622998359375 0.45222732656250003
4 0.589302265625 0 0.5010747109375 0.049126140624999995 0.4242287421875 0.10998213750000001 0.4039643359375 0.11072122656250001 0.400853121875 0.036731442187500005 0.3872211109375 0.0128121203125 0.366149790625 0.041070559374999996 0.33942886250000004 0.0261658640625 0.252457815625 0.046412384375 0.31062470468750003 0.0951728625 0.31467473749999997 0.111416653125 0.32763174375 0.132628675 0.330199859375 0.173684515625 0.23015414218750002 0.12098762031250002 0.1769618546875 0.1126829765625 0.14918445 0.10379288281250001 0.0966231984375 0.10827108593749998 0 0.111946684375 0 0.1293716625 0.02510358125 0.1289785265625 0.07107640937500001 0.1390831828125 0.1404391015625 0.1404804953125 0.196712884375 0.1508924328125 0.23715376093749999 0.16956535 0.1989874625 0.180519075 0.0846204828125 0.1831536 0 0.2000873625 0 0.2137180828125 0.026145809375000002 0.20492196406250002 0.066674625 0.20344378437500002 0.120248384375 0.20302652812500002 0.0479658234375 0.2411777671875 0 0.2712304203125 0 0.30183857812500003 0.0037542015625 0.299648296875 0.0674672890625 0.257882475 0.18201014531249998 0.2149457546875 0.16642680625 0.24471148281250002 0.2217760171875 0.23091137343749998 0.226001925 0.2068529671875 0.270580771875 0.22161857812500002 0.1193095671875 0.2607725234375 0.0477459796875 0.2915555109375 0 0.3340948390625 0 0.4275364171875 0.049756746875 0.381635446875 0.068084075 0.3526233640625 0.15666895 0.27733814843750004 0.1847398875 0.29765743906250003 0.19038949375 0.3408205734375 0.2050340140625 0.36880084062499996 0.16374225781250001 0.3877228203125 0.0481429234375 0.43667414375 0 0.48726249218750006 0 0.5233509109375001 0.0352156359375 0.4873446125 0.1656793359375 0.4159958125 0.30399353281249997 0.3556298453125 0.3754252125 0.3550735046875 0.3962327171875 0.3872683578125 0.42754677343749997 0.451350790625 0.395675371875 0.436292453125 0.36155910625 0.46348996875 0.4250381015625 0.5540599328125 0.4539896375 0.60866681875 0.49855423749999994 0.70539046875 0.5124940312499999 0.658780946875 0.5192583328125 0.6038958890624999 0.5334916609375 0.568715565625 0.531980025 0.5216451234374999 0.5380693203125 0.46405276874999996 0.53727665625 0.4096140765625 0.6043208 0.391460296875 0.6560751406249999 0.41450144062499994 0.741006925 0.468091065625 0.8262762140625 0.523034340625 0.9323969765625 0.6000969203125 0.9187352437499999 0.504295109375 0.8249404531250001 0.43566170312499997 0.7855560515625 0.410974184375 0.7489596109375001 0.37696476093750003 0.8317487218749999 0.3707010984375 0.7933328609375 0.360150075 0.7459220859375 0.36478191875 0.7054372421874999 0.35618455 0.6166170515625 0.3280069796875 0.5678123 0.337299775 0.5702627546875 0.326624221875 0.690763003125 0.256321790625 0.7468311859375001 0.23515343125000002 0.8243961296875 0.1669291859375 0.8014317015625 0.1568390828125 0.7743186109375 0.1718184703125 0.7479458796875 0.137105240625 0.7815927359375 0.1387807234375 0.863530965625 0.1701119578125 0.9405682843750001 0.22279429999999997 0.9330374546875 0.1700356203125 0.867800840625 0.135978003125 0.8284529890625001 0.127567934375 0.789707046875 0.0893102640625 0.7097498640625 0.0761764734375 0.7688995421875 0.057115409375 0.8434566828125 0.048590812500000004 0.903337221875 0.05091449375 0.8955746609374999 0.0197805609375 0.8628404890624999 0.013564128125 0.8226052062500001 0.02647150625 0.736690634375 0.040703423437500004 0.6799034765624999 0.06924003437500001 0.627723696875 0.0649963375 0.5611049921875 0.06435266875 0.632443259375 0 0.589302265625 0