1 0.46517788437499996 0.5446224765625 0.477991425 0.5663188421875 0.513860784375 0.3931542859375 0.48765476718749995 0.2148924265625 0.4043497703125 0.2808192 0.42477053124999997 0.311702421875 0.425396575 0.4118634859375 0.46517788437499996 0.5446224765625
1 0.21847743125000002 0.1800749828125 0.19125472500000001 0.24865444062500003 0.20871595156249997 0.2575248015625 0.22389490312500002 0.2867551328125 0.22894260625 0.32013621406250004 0.24147580937500002 0.3807710625 0.25344461093750004 0.2735072578125 0.256936575 0.22154821875000003 0.265037790625 0.19126687343749998 0.23319270625000002 0.1752210109375 0.21847743125000002 0.1800749828125
1 0 0.18024163124999998 0.0159396125 0.1726814296875 0.050775971875000006 0.1632095875 0.0936950546875 0.16036617656250002 0.1134160578125 0.1664693890625 0.14510417343749998 0.166722890625 0.2166565015625 0.144845303125 0.1524656390625 0.139194915625 0.1228607890625 0.13729335468749998 0.101440490625 0.14266315000000002 0.05227160937500001 0.1504507359375 0.0217036109375 0.157269384375 0 0.16472791874999998 0 0.18024163124999998
1 0 0.388085675 0.0037392421874999997 0.384276440625 0.05132555 0.3516955765625 0.064866784375 0.3409831953125 0.0819635765625 0.323117159375 0.0891765265625 0.309452775 0.13208715625 0.27695341406249996 0.19155556093749998 0.23058545000000003 0.22535028906250001 0.2219376390625 0.280134653125 0.212601596875 0.3318726046875 0.21363382187500002 0.3778932421875 0.2155715828125 0.37667129374999997 0.207856509375 0.32546583125 0.202785640625 0.278505390625 0.2023148328125 0.240363815625 0.2057196609375 0.19752321875 0.21645925 0.16342300625 0.22317829531250002 0.1238091375 0.23208871874999998 0.093546628125 0.240836134375 0.073883584375 0.24746949375 0 0.30594025468749997 0 0.388085675
1 0.9589164296874999 0.20527354999999997 0.89847633125 0.1640994046875 0.884699640625 0.1511232484375 0.8516644046874999 0.1497650078125 0.8025655546875001 0.135792821875 0.6438746296875 0.147745978125 0.69464943125 0.1574984140625 0.7114725359375 0.1601063015625 0.7707055781250001 0.1566561671875 0.7899174359375001 0.159544765625 0.800467396875 0.1743500875 0.826697 0.19194440625 0.8560515046875 0.207066634375 0.8888130500000001 0.22889879999999999 0.908432225 0.23435908906249997 0.9272134234375 0.241929253125 0.9691633062499999 0.27705193281249996 0.9589164296874999 0.20527354999999997
1 0.6580466859375 0 0.6421200125000001 0.010856814062500001 0.6030937734374999 0.0308780328125 0.563660221875 0.0483275578125 0.5308052984375 0.055508418749999996 0.5178983828125 0.06282508125 0.5207729375000001 0.0735736609375 0.5313243390625 0.1021809390625 0.5983013765625 0.06722581875 0.6426609546875001 0.036474121875 0.6666185234374999 0.0175214453125 0.693779478125 0.0039928625 0.71445159375 0 0.6580466859375 0
1 0.37715071718750004 0.09237000937499999 0.379586159375 0.0781442046875 0.3923361046875 0.055035184375000004 0.404146246875 0.033393115625000004 0.3912217515625 0.01099621875 0.3337596171875 0.0200973265625 0.296314375 0.026028070312500002 0.308142096875 0.0340995609375 0.3490181609375 0.084962853125 0.35105474062500003 0.09782130624999999 0.3635861375 0.110335646875 0.3713082328125 0.0998858765625 0.37715071718750004 0.09237000937499999
1 0 0.0836971078125 0.0761655828125 0.086692671875 0.1073996953125 0.0988809984375 0.15921613125 0.10780940312500001 0.193371484375 0.11623979375 0.2766256921875 0.13864237031249999 0.34734849687499997 0.14853060468749998 0.3212207234375 0.1315792109375 0.2856397625 0.11414790156250001 0.25506331250000003 0.09131059999999999 0.2166395953125 0.08553340312499999 0.1832203859375 0.0743502140625 0.1556988046875 0.07080059375 0.12202925 0.0728380734375 0.0935678625 0.07075540625 0.0134470125 0.075536690625 0.00357206875 0.072393896875 0 0.07295965625 0 0.0836971078125
1 0.57658579375 0.3377451125 0.606644646875 0.32771184999999997 0.6137239671875 0.2910018484375 0.6156418109375 0.24390548281250002 0.6023658109375 0.2044879890625 0.5876960062500001 0.178472271875 0.5647015859375 0.18870473906250002 0.5674743109375 0.198810396875 0.55708131875 0.19979743125 0.5220413015625 0.2079834296875 0.5142173796875 0.21779027968750003 0.487145540625 0.21167729531249999 0.48733856875 0.2405008890625 0.5136233125 0.2732446421875 0.526625621875 0.3331360578125 0.533925509375 0.35702380312500004 0.530730578125 0.3812556625 0.5429415984375 0.4287504390625 0.566608571875 0.370959790625 0.5781917109375 0.35528513125 0.57658579375 0.3377451125
1 0 0.47671591874999997 0.036481653125 0.4478446890625 0.0460748765625 0.43685129062500005 0.0705182453125 0.42836648437499997 0.228863434375 0.36242591874999996 0.2412378625 0.3591479 0.2642322828125 0.34891543281250004 0.2978233515625 0.33898177343749997 0.34094609062500003 0.33742421093749997 0.3817734765625 0.3417415921875 0.425038271875 0.357716909375 0.427348540625 0.350101440625 0.42584445000000004 0.3332043421875 0.4115119265625 0.3315200859375 0.3852372375 0.3303168953125 0.34023006875 0.323603034375 0.288111365625 0.32206657656250004 0.23779902343749998 0.33003526875 0.1731024796875 0.35600585625000003 0.09514120000000001 0.3742861234375 0.0441231140625 0.396208890625 0.0318986125 0.41890850625000003 0.0008120078124999999 0.44459558593750004 0 0.44494086875 0 0.47671591874999997
1 0.775890346875 0.10109464531250001 0.7508593484375 0.09846865625 0.7356888500000001 0.098894275 0.723610328125 0.102900728125 0.728068584375 0.1099869703125 0.734679015625 0.122120996875 0.7524185796875 0.130515190625 0.7721395828125 0.136618403125 0.80288789375 0.13833885625 0.8343490078125001 0.1445597703125 0.8244333656249999 0.12635872812499999 0.8130454296874999 0.11366328125 0.7998797125 0.10454466093749999 0.775890346875 0.10109464531250001
1 0.421247165625 0.2745756578125 0.42731665156250004 0.2610923796875 0.4781530328125 0.21942909375 0.4989857 0.2029485078125 0.5196614 0.170675559375 0.538684490625 0.13536910625 0.5290509906249999 0.1263500890625 0.5398194984375 0.10553205000000002 0.522909453125 0.06537203124999999 0.4796148546875 0.0880464453125 0.4683605453125 0.09839661250000001 0.443204371875 0.102380959375 0.409025675 0.1012038234375 0.37996154843749996 0.10193621718749998 0.36628690625 0.1125863359375 0.369772434375 0.127192453125 0.3737671078125 0.1450131828125 0.3709794921875 0.17181673125000002 0.3753581375 0.1994624109375 0.3756169359375 0.215897690625 0.39000460000000003 0.232731384375 0.3924802921875 0.2705642234375 0.3918544296875 0.30361589218749996 0.421247165625 0.2745756578125
1 0.4332020859375 0.46051994062499996 0.4337451703125 0.449487084375 0.42664381406249996 0.4480361015625 0.4186698296875 0.4338446921875 0.4197870609375 0.43366774062499996 0.4091578375 0.42440440468749996 0.378549021875 0.44084313750000004 0.364300696875 0.45211489531250004 0.368999671875 0.47455219375 0.3741422359375 0.48532846406249996 0.38181774062499996 0.4976353515625 0.3952555734375 0.5174006890625 0.41395827656249995 0.5414836078125 0.4239449265625 0.5611516265625001 0.4379175828125 0.5409084843749999 0.43940171718750004 0.52135546875 0.4402122109375 0.49031837187500005 0.4332020859375 0.46051994062499996
4 0.6625635421875 0 0.6571345265625 0.004294859375 0.61482496875 0.0245448921875 0.552666603125 0.05471309375 0.517146159375 0.0671134078125 0.48290502343749997 0.08759095624999999 0.46743932812500005 0.09982576875 0.43847539218750003 0.10290777656250001 0.44173916562500004 0.0474427046875 0.4325273765625 0.00535739375 0.40346907343750005 0.034030015625 0.3881100234375 0.013128509375 0.2978818140625 0.0266665390625 0.328161371875 0.0572482984375 0.3477605734375 0.08801623125 0.3525822265625 0.101554128125 0.36869240468750003 0.11029324062500001 0.3655619390625 0.12433791406250001 0.37338075000000004 0.1652515359375 0.3077770328125 0.12295214531250001 0.24795203593749998 0.0917809234375 0.1977970046875 0.0794014140625 0.16412771718750002 0.0696798203125 0.10596724531249999 0.0743752484375 0.07880114375 0.07190350625 0 0.07533265624999999 0 0.08483755937500001 0.0206140125 0.0848830140625 0.07555437968749999 0.0852138875 0.11027037343749999 0.1015441265625 0.17029165625 0.10859740468750001 0.21818365 0.1235934859375 0.2840999546875 0.14250922500000002 0.2425681859375 0.14231278281249998 0.2188281296875 0.144567409375 0.1523933 0.13928265312500002 0.1240375296875 0.1377520515625 0.09138828593750001 0.142923184375 0.0484075890625 0.150483371875 0.01741321875 0.157650540625 0 0.1649600265625 0 0.1796043609375 0.012019715625 0.1743117875 0.0452771234375 0.164528046875 0.09560177656249999 0.16107369062500002 0.11278532187500001 0.1681373703125 0.150050278125 0.166751465625 0.052747032812500004 0.203238784375 0.0074499734375 0.2299837046875 0 0.23396516093750003 0 0.26188324218750003 0.0218519546875 0.253294940625 0.044223065625 0.23394470625000002 0.13177635625 0.2035179140625 0.1787912671875 0.1960714828125 0.20882633906249998 0.184267034375 0.20816708125 0.212494809375 0.1215975171875 0.232227796875 0.07040543593750001 0.247110253125 0.036253940624999995 0.2766061765625 0 0.3075544953125 0 0.38536402812500004 0.0391807671875 0.362704753125 0.0603622078125 0.34429565625 0.07867244531249999 0.33311574374999997 0.08824311875 0.30901846875 0.13319127656250002 0.280070665625 0.16185963125 0.2582176171875 0.19528666249999999 0.23260000937499997 0.1968882125 0.25116420625 0.21584293125 0.2609582171875 0.2224987359375 0.294528896875 0.2328131859375 0.3342945328125 0.162004896875 0.36056374999999996 0.108809040625 0.3712472890625 0.044298 0.395013690625 0.0323479890625 0.42099324375 0 0.44473475 0 0.474792975 0.040711987500000005 0.43999180000000004 0.093585603125 0.4188213015625 0.1625064171875 0.389087459375 0.2340391703125 0.3589399265625 0.24191130625 0.3832853890625 0.24686626562499997 0.35540288593749997 0.2917611 0.34302324375 0.3377026421875 0.33725224531250003 0.383617521875 0.3397653296875 0.3975009765625 0.3767075484375 0.42029362031249995 0.4107332625 0.43784318125 0.45391750468750003 0.41302009999999995 0.42397695156250004 0.35750788437500003 0.45384522031249996 0.3737973421875 0.48062108124999997 0.3929313390625 0.5084518390625 0.39848491406250003 0.5181584859374999 0.3769545703125 0.5343647015624999 0.40191095624999995 0.5228848562499999 0.41642924218750005 0.546930384375 0.42583994843750006 0.5725375875000001 0.439854615625 0.6103082359374999 0.44261917031250003 0.636215371875 0.459839034375 0.6688655859375 0.46263025156250004 0.6864886421875 0.48364206875000004 0.6839134125 0.49338236562500004 0.6439822734375 0.5089547078125001 0.5986111421875 0.52585968125 0.5447490875 0.5271826578125001 0.50238755 0.5334435875 0.47429820312500004 0.5477921453125 0.43810522343749997 0.57126328125 0.40879547499999996 0.6011842859375001 0.4033037390625 0.6262036484375 0.40912634687500005 0.6520371203125 0.4200890109375 0.6658842593750001 0.43144469687500003 0.66942660625 0.436905359375 0.6892220906250001 0.44355534687500003 0.73183688125 0.4759469703125 0.7228743703125 0.49543163593750006 0.7454514203125 0.4858340671875 0.7758472796875 0.517150121875 0.8127729890625 0.5474319484375 0.872544665625 0.59517133125 0.922619709375 0.6324030781250001 0.925159015625 0.5808163203125 0.9096473484375001 0.5335939859375001 0.8637761375 0.48064212968750003 0.8082712734375 0.4344850953125 0.777097625 0.423615515625 0.7608081671875 0.3968396578125 0.79389595 0.40288977968750006 0.8159811359375 0.398639115625 0.8322342765625 0.3998284453125 0.8187360375000001 0.390675640625 0.7912210328125 0.3860010171875 0.7496892671875 0.385804575 0.7010994687500001 0.366402728125 0.6527689359375 0.340185390625 0.61350020625 0.33737237656249996 0.5799205578125 0.33666915625 0.577335278125 0.328798765625 0.5997738203125 0.318323890625 0.61642473125 0.313575034375 0.6607380625 0.2975239203125 0.71790515 0.2696516875 0.759347278125 0.26082975625000004 0.790743871875 0.239297309375 0.8205070031249999 0.241261225 0.8273494375 0.216843346875 0.84411380625 0.2043528109375 0.8185396 0.1865746546875 0.7556834296875 0.21233709374999998 0.6997060109375 0.2392681890625 0.68734411875 0.24574240625 0.661108425 0.24914501718749998 0.61348535 0.26120405625 0.6085740578125 0.23864778593749997 0.6066502687499999 0.209596628125 0.588008134375 0.1764189671875 0.6217307437499999 0.1695724015625 0.631015496875 0.1605746984375 0.660820196875 0.1543486703125 0.670865728125 0.1670591859375 0.6803297578125 0.1760982296875 0.6965562359375 0.18557163593749998 0.7169962046875 0.21319554843750002 0.7183821578125 0.1881364640625 0.7182028796875 0.1700997171875 0.713613828125 0.1580304078125 0.740779928125 0.1605021484375 0.7785367484375 0.153769340625 0.790755678125 0.1548449109375 0.803762053125 0.1693446171875 0.8199618703124999 0.187102103125 0.869947275 0.21531547812500001 0.9134367921875001 0.236327878125 0.9720609625 0.28424900625 0.9593841812499999 0.20421095625 0.935887884375 0.19212540312499998 0.8990518140624999 0.1708619515625 0.890428553125 0.158678884375 0.8546125281249999 0.1523081578125 0.8364719140625001 0.14765420468749998 0.8167564140625 0.11615197656250001 0.7956816203125 0.10142475468750001 0.7496420390625 0.098121525 0.7329237843749999 0.10008551406249999 0.7946615734375 0.0865320265625 0.8683773828125 0.07862016250000001 0.9422879703125 0.09626973125 0.9356166625 0.0551743640625 0.9107135984375001 0.05008605000000001 0.8532509328125 0.0591872421875 0.808266459375 0.0625485125 0.7880954109375 0.0619797203125 0.7146751828125 0.0886626265625 0.6718107843750001 0.09695711093750001 0.64005563125 0.08241606093750001 0.603042484375 0.07693940625 0.5730051796875 0.08169684687499999 0.6035610078125 0.06330842187499999 0.64090595 0.0370702796875 0.661130321875 0.0210709125 0.6947632921875 0.0052059734375 0.718466834375 0 0.6625635421875 0