1 0.2915425875 0.30109920625000003 0.289194065625 0.283592378125 0.3016089875 0.24114105624999999 0.30014348125 0.19917445 0.30834160625 0.18520795625 0.3077963015625 0.16959247500000002 0.28449081249999997 0.14890885 0.2653029796875 0.1466474296875 0.2517292859375 0.155915853125 0.2458455984375 0.18641320781249998 0.23247639531250003 0.2015374359375 0.2329876171875 0.21617695 0.2555123359375 0.2642482578125 0.2568415171875 0.30231099375000003 0.267490409375 0.30877923125 0.2813708359375 0.308294515625 0.2915425875 0.30109920625000003
1 0 0.341571775 0.029890320312500003 0.32000788281250003 0.0980655265625 0.282449471875 0.113033459375 0.2633607828125 0.136812984375 0.24787301718750002 0.22880179687500002 0.195802809375 0.2667684859375 0.1886140375 0.2663595078125 0.176902425 0.2507440265625 0.1774477296875 0.1192889359375 0.1937641359375 0 0.26180388906249996 0 0.2777474015625 0.004031821875 0.2759616234375 0.0042363109375 0.2818174296875 0 0.2843989984375 0 0.341571775
1 0 0.21764305312499999 0.079041890625 0.18539801718749999 0.113470309375 0.17637848750000001 0.1843689328125 0.16706254843749999 0.274012328125 0.14732045 0.3105166171875 0.1480000078125 0.3345347125 0.139344015625 0.37791105156250004 0.13782928125 0.3689972125 0.1313004546875 0.3409296234375 0.12348617656250001 0.24529719062500002 0.1209627875 0.1934500734375 0.1286362765625 0.0935667640625 0.1536217484375 0.018076446875 0.18068687187500002 0.0030062703125 0.19684765937499998 0 0.19780758125 0 0.21764305312499999
1 0 0.13602516250000002 0.0337954921875 0.12625467968749998 0.0606224296875 0.11275440625 0.1225399390625 0.109196259375 0.186578021875 0.13083056875000001 0.2800664234375 0.12170293593749999 0.24869913437500002 0.11888967343750001 0.22927272968749998 0.10979648125000001 0.1890256828125 0.1014303625 0.09689743906250001 0.09976176249999999 0.060529478125 0.10298607500000001 0.000245665625 0.1177942828125 0 0.11792603906250002 0 0.13602516250000002
1 0 0.028423753125 0.0106068453125 0.030744609375 0.04025324375 0.0269174546875 0.10494152812499999 0.0316381890625 0.16515939531249998 0.0504744296875 0.1978686984375 0.0632915921875 0.24049258906249998 0.0757625296875 0.26586332343749997 0.091627840625 0.286290925 0.10096525781250001 0.3339212453125 0.1217765984375 0.3582460765625 0.121904315625 0.3667850171875 0.117697496875 0.30765376718750004 0.0660187296875 0.242400259375 0.038005542187500005 0.21436675 0.03116723125 0.1062140453125 0.018332325 0.057462139062499994 0.015148990625 0 0.0171556125 0 0.028423753125
1 0.4544207078125 0.0902082484375 0.4661230234375 0.07709654375 0.48520550625 0.026595121875 0.4721740109375 0.001644090625 0.3610965046875 0.0045458453125 0.4089003375 0.08007196093749999 0.4177800953125 0.0856248203125 0.4544207078125 0.0902082484375
1 0.80780634375 0 0.741993428125 0.017627890625 0.69242666875 0.0408562703125 0.5944829015625 0.071636959375 0.5758062921875 0.08401505468750001 0.6247286062499999 0.0920782265625 0.7376403046875 0.0422088484375 0.8206161406250001 0.0305168484375 0.922064096875 0.0005909484375 0.9389866546875 0 0.80780634375 0
1 0.509694609375 0.47914114375 0.5236432 0.4806083640625 0.542217565625 0.46530236562500005 0.5497681421875 0.4327924890625 0.5484048796875001 0.39375378437499997 0.5294494078125 0.2986542640625 0.5239034328125001 0.28907635625 0.5080834609375 0.28376585468750004 0.4883844046875 0.266864921875 0.47270076093749996 0.265458290625 0.4609643640625 0.277594028125 0.46008134843750004 0.3020538078125 0.4663089546875 0.3311510671875 0.48628066406250003 0.3558597421875 0.47604075156250003 0.361103115625 0.45161678125 0.407882434375 0.4779493171875 0.4157573015625 0.495439284375 0.468890215625 0.509694609375 0.47914114375
1 0.6236163343750001 0.2592110453125 0.60361054375 0.233526403125 0.5771757640625 0.22272363281250002 0.5563210390625 0.22247473750000002 0.547918425 0.23058542656249997 0.572999259375 0.351854303125 0.57888605 0.3711918875 0.5913040765625001 0.378575503125 0.6187582 0.3688223640625 0.6372984828125 0.3525403984375 0.6344728203125001 0.321370025 0.625047759375 0.300201684375 0.6236163343750001 0.2592110453125
1 0.956715634375 0.2964368484375 0.9820629109375 0.32584359375 0.9943786937500001 0.3302993046875 0.9902579328125001 0.2620421625 0.9348353578124999 0.21707398906250003 0.881727225 0.188636675 0.8430789078125001 0.17630609531250002 0.7994980796875 0.171965025 0.7020965125 0.1685262578125 0.6014634078125 0.17204044375 0.6102750015625 0.1756413671875 0.6052061656250001 0.17972700625 0.6519503671875 0.1751631890625 0.70760840625 0.1771281984375 0.7670773671875 0.18873170625 0.8244704593750001 0.190636125 0.8553637125 0.229620778125 0.9124872578125001 0.27355239375 0.956715634375 0.2964368484375
1 0.7439050984375 0.1221170140625 0.6935203828125001 0.12192217187500001 0.655587778125 0.1300869109375 0.6299368703125 0.1417313953125 0.6308570718750001 0.168082521875 0.63908928125 0.1550919953125 0.747750103125 0.132731478125 0.751117965625 0.129682396875 0.7441095875 0.12797281875 0.7544517453124999 0.1256573484375 0.7439050984375 0.1221170140625
1 0.7547243984375 0.13346508906250001 0.7723475859375 0.1406669359375 0.8116775359374999 0.17251686718749998 0.8852314140624999 0.1894914640625 0.86679026875 0.1588663953125 0.8543040796874999 0.1495308453125 0.8138184624999999 0.1343329515625 0.778878821875 0.1287129671875 0.7547243984375 0.13346508906250001
1 0 0.415968228125 0.0563622890625 0.3816215578125 0.24211215468749997 0.32823145625 0.2576594734375 0.3257342171875 0.26990709375 0.32823799375 0.2749418453125 0.3231763875 0.3372333640625 0.31611533125 0.39660008125 0.324790934375 0.383977565625 0.3115515140625 0.3506707328125 0.3029430375 0.3105259296875 0.29750482031250003 0.2654145390625 0.2990801453125 0.168899090625 0.3210165359375 0.12388994375 0.32551976250000003 0.0704781828125 0.338133678125 0.0401674203125 0.36557541250000003 0 0.3900530765625 0 0.415968228125
4 0.5121597015625 0 0.455112509375 0.038953104687500004 0.4463619921875 0.0015683078125 0.35713066875 0.004684334375 0.4203671875 0.10996342031249999 0.4342210640625 0.151357821875 0.4013170125 0.13296370156249998 0.30712395625 0.0650600734375 0.22906867343749998 0.03288733125 0.0970187046875 0.017955462499999998 0 0.0174460734375 0 0.0275789953125 0.055173817187499995 0.02779235625 0.15276615625 0.0509072109375 0.2759726671875 0.096858571875 0.34386991875 0.122406340625 0.25915769843750003 0.1128011015625 0.1642387609375 0.0951766484375 0.077437396875 0.096811878125 0.0355925109375 0.10664877187499999 0 0.11861537343749999 0 0.1344053625 0.038704100000000005 0.12468732812500001 0.08540890625 0.11188884375000001 0.12516465000000002 0.113292421875 0.19505366875000002 0.124811240625 0.1213271765625 0.14553304218750002 0.06961638437499999 0.1571104 0.032874859374999996 0.1709568984375 0 0.18334619531250002 0 0.214492978125 0.016790209375 0.20781301874999997 0.0705414546875 0.1836009484375 0.1198222859375 0.1735043859375 0.21367008906249998 0.1604555703125 0.2554176 0.1478301984375 0.241568159375 0.1776285640625 0.192141265625 0.183542409375 0.1106867015625 0.19615844375 0.0742859890625 0.2197646171875 0.0014358796875 0.265582728125 0 0.28242633437500003 0 0.3447727578125 0.09159227187499999 0.28895725156249996 0.1373720078125 0.24966821718749999 0.18840116875 0.21857150625 0.2396737671875 0.19444599375 0.2411830921875 0.237667415625 0.25756430468749997 0.28036950156249996 0.2557672875 0.299975409375 0.268063153125 0.29675415 0.2933807609375 0.240032453125 0.3060130046875 0.1753781 0.37386156875 0.19953163125 0.440594746875 0.2628104203125 0.39758134843750004 0.2391855671875 0.3832937171875 0.256435778125 0.37430419375 0.283272553125 0.390101153125 0.3092437640625 0.30023688593750003 0.294234678125 0.1054948359375 0.33174589375 0.0684611828125 0.33722695625 0.0370664546875 0.3620542578125 0 0.39888108906249997 0 0.4186716953125 0.05757726875 0.380881159375 0.209890175 0.3364759640625 0.30845183593750003 0.316282840625 0.3656068015625 0.31847476406249997 0.4183400375 0.336176434375 0.41960592343750003 0.37242665937499997 0.42845381875 0.41259993437500003 0.4311272171875 0.4180903359375 0.43686351874999996 0.4402250546875 0.42607254375 0.41547496875 0.37703515468750004 0.43254272968749996 0.370183465625 0.44953327187500003 0.3969661484375 0.5058315234374999 0.43269409999999997 0.6050915328124999 0.43959891406249996 0.660687996875 0.4617606796875 0.655726271875 0.4655405953125 0.479705878125 0.47982822656249996 0.46245566718750003 0.5108250875 0.480886040625 0.4981038328125 0.488340321875 0.509532184375 0.6024082875000001 0.5393246484375 0.6027638515625 0.5503015015625 0.49070535781249996 0.5927748953124999 0.427800809375 0.5973426875000001 0.4164737828125 0.665288628125 0.44341579062500003 0.837249271875 0.606319490625 0.9042258890625 0.676569478125 0.9038319515625 0.59422279375 0.8432688328125 0.4944341109375 0.774300446875 0.438213075 0.811480165625 0.4369147296875 0.8162427078125001 0.431164659375 0.7709454171875 0.4132033203125 0.7508727921875 0.406924575 0.659596578125 0.3514825453125 0.6468625234375 0.34215565 0.6462782687499999 0.3254247765625 0.793731253125 0.2839811734375 0.8695468937499999 0.2520189 0.9149902484375 0.2741629578125 0.9659751562500001 0.312864775 0.991394578125 0.330124325 0.992275375 0.2700681609375 0.9352531875000001 0.21482589531250001 0.88723380625 0.189979915625 0.837222659375 0.17916288593750002 0.8000429406249999 0.18046123125 0.828087075 0.20181694218750001 0.8587559203125 0.227268815625 0.7852241765625 0.253567575 0.7360407234374999 0.266452615625 0.69638235625 0.2678375171875 0.6245989421875 0.273136128125 0.626781028125 0.19349136718749999 0.6884550984375 0.1829620234375 0.7092093515625 0.208760121875 0.734287959375 0.216259996875 0.7533868218750001 0.1946539546875 0.77054260625 0.18847110312499998 0.80227815 0.1734034765625 0.618566078125 0.17144320625 0.6602162125000001 0.1560293546875 0.67717724375 0.14426954375 0.6928768265625 0.16745227812500002 0.6927794515625 0.1646638 0.735934475 0.1212786015625 0.7575651109375 0.1721730125 0.7747695828125 0.1673843984375 0.7611104578125001 0.1315669546875 0.8019860218750001 0.165038040625 0.8844630328124999 0.18170103437500001 0.863660090625 0.1545086953125 0.8233687812499999 0.137768484375 0.7858482484375 0.1293071515625 0.845287109375 0.1258355625 0.92474990625 0.1272484796875 0.9879421515625 0.145980853125 0.9868223296874999 0.11391334374999999 0.9413701218750001 0.10572899218750001 0.8793065484374999 0.10510442187499999 0.8345935109375 0.10387395625 0.790075225 0.1082204484375 0.7480842765625 0.11387462500000001 0.723443859375 0.1189229046875 0.7082798453125 0.11107680625000001 0.6582200078125 0.0988655375 0.6407720968749999 0.0966829515625 0.694182528125 0.06271120625 0.738165246875 0.04302808125 0.8590834265625 0.023450189062499998 0.9129807390625 0.0034208390625 0.9425721749999999 0 0.8279275875 0 0.7618319062500001 0.0100950109375 0.661278475 0.044317087500000005 0.5485265578125 0.0845489015625 0.5364254453124999 0.0933471203125 0.5043004 0.0972608296875 0.49088471250000004 0.068414584375 0.5137723656250001 0.0131736828125 0.5133123296875 0 0.5121597015625 0