1 0.2950456328125 0.29749141562500003 0.29300300625000003 0.27994626718750004 0.306156915625 0.23771808125 0.30542405 0.1957322890625 0.3138646765625 0.181911 0.3135919828125 0.16628837968750002 0.29065102187499997 0.14520116875 0.271505578125 0.1426052203125 0.2577721953125 0.1516353375 0.2513571515625 0.1820253625 0.23772602968749998 0.19691396249999998 0.2379816796875 0.21156016875 0.2596640078125 0.260017265625 0.26032869999999997 0.298097403125 0.270863084375 0.304750503125 0.28474985625000004 0.304508109375 0.2950456328125 0.29749141562500003
1 0 0.3348449078125 0.033103215625 0.3118307515625 0.1019235234375 0.2754678828125 0.11722232031249999 0.2566433265625 0.141268521875 0.2415729296875 0.234152075 0.1911160796875 0.27223844375 0.18459101093750002 0.2720339234375 0.17287404687500002 0.256411303125 0.173146740625 0.1246914734375 0.187166453125 0 0.25543155 0 0.27072485468749996 0.00801736875 0.2673399078125 0.008119628125 0.273198390625 0 0.2779541046875 0 0.3348449078125
1 0 0.210900053125 0.0845965671875 0.17809919999999999 0.11917715312499999 0.169681903125 0.19022756406250002 0.1616047359375 0.2802018546875 0.1434301375 0.31668872187499997 0.144746678125 0.340854228125 0.136511178125 0.384250396875 0.13575369531249998 0.3754518578125 0.1290702953125 0.347524921875 0.1207673609375 0.25195109375 0.116575340625 0.199977953125 0.12334280312499998 0.0996737984375 0.146581265625 0.023722628125 0.17232477968749998 0.0083727015625 0.18822009374999998 0 0.19073340156250002 0 0.210900053125
1 0 0.1290919046875 0.040389253125 0.1181752125 0.067447715625 0.10514519062500001 0.12941789374999998 0.1026681953125 0.193068653125 0.1254168265625 0.2867021140625 0.11792218125000001 0.2553887 0.1145619140625 0.23612395312499998 0.10513106875 0.1960290453125 0.096063815625 0.103943953125 0.0927876109375 0.0675252609375 0.0953767234375 0.006992189062499999 0.109130578125 0 0.1127249765625 0 0.1290919046875
1 0 0.017799385937500002 0.0188710171875 0.022274990624999998 0.04857969375 0.0189658203125 0.11317573750000001 0.0248148015625 0.173055696875 0.0446991203125 0.2055363265625 0.05808518593749999 0.24793607812500001 0.0712981140625 0.27302606093750004 0.0876037890625 0.293287590625 0.0972962953125 0.3405474484375 0.11893572968749999 0.3648663453125 0.119487953125 0.3734774046875 0.1154308015625 0.3152570796875 0.06272792187500001 0.2505024078125 0.033580170312500005 0.22259251406249997 0.02625365 0.11468028125 0.011533173437499999 0.0659913578125 0.007499484375 0.0017650296874999998 0.008620559375 0 0.0089834984375 0 0.017799385937500002
1 0.4451498703125 0.0008812484375 0.369764528125 0.0021971046875 0.41624296875000005 0.078546009375 0.4250244625 0.0842529953125 0.461579503125 0.0894751921875 0.47350886562500005 0.07656971875 0.49346981406249996 0.026409025000000003 0.4451498703125 0.0008812484375
1 0.8571246421875 0 0.8178004515625 0.0051204328125 0.7503751249999999 0.0219247265625 0.700410525 0.044284509374999996 0.601944478125 0.0733511546875 0.583054684375 0.0854014125 0.631828825 0.0943171703125 0.74559366875 0.0464259671875 0.8287609203124999 0.0361838765625 0.930715703125 0.0080330453125 0.9914703375 0.00697256875 0.99134863125 0 0.8571246421875 0
1 0.5100571703125001 0.479313515625 0.5239780296875 0.48102394843749996 0.5428166937500001 0.4660444484375 0.5509334953125 0.43367129843749996 0.550251759375 0.3946147484375 0.532958890625 0.2991988921875 0.5275809171875 0.289525653125 0.5118560359375001 0.2839398640625 0.49245494218749997 0.266697709375 0.4767982359375 0.265017575 0.46485182812500003 0.2769466359375 0.4635420671875 0.3013872796875 0.46926090625 0.33058879375 0.4887983484375 0.355642259375 0.4784684859375 0.3607061234375 0.4532318234375 0.4070520609375 0.47942291406250004 0.4153852953125 0.49598291874999995 0.4688153578125 0.5100571703125001 0.479313515625
1 0.627799853125 0.26140512031249996 0.60824536875 0.2353752421875 0.58200315 0.22411276562500002 0.5611559453125 0.22349994374999999 0.5526130593749999 0.23146275156249999 0.5755736390624999 0.3531508796875 0.581122046875 0.3725882578125 0.5934093203125 0.380187471875 0.621029478125 0.37091495937499996 0.639851096875 0.354959046875 0.6375698625 0.3237441046875 0.6285156749999999 0.3024144984375 0.627799853125 0.26140512031249996
1 0.960198740625 0.3044386390625 0.9850289390625001 0.3342832765625 0.9972650828124999 0.33895325 0.9943362 0.2706345859375 0.9397068703125001 0.22470600312500003 0.8871031265625 0.19534615625 0.8486758921875 0.1823429484375 0.8051774640625 0.17724194843750002 0.7078507468749999 0.1721038140625 0.6071716375 0.173861175 0.6159190453125001 0.1776153328125 0.6107796765625 0.1816118859375 0.6575964078125 0.1778645625 0.7132116765625 0.180800640625 0.772469071875 0.19344025625 0.829820184375 0.196346034375 0.86002835625 0.23586390937499999 0.9163764890625 0.280785778125 0.960198740625 0.3044386390625
1 0.7504629171875 0.1264312984375 0.7000892765625 0.12535715 0.6620199546875 0.13285863125 0.6361697296875 0.1440536734375 0.6366299015625 0.1704168453125 0.645087571875 0.15757196874999999 0.7541220890625 0.13711125156249998 0.7575426515625 0.13412141093750002 0.750565178125 0.13228978125 0.760946171875 0.1301551578125 0.7504629171875 0.1264312984375
1 0.76108251875 0.1379664671875 0.7785773328125 0.145474784375 0.8173454343750001 0.17800626718749998 0.8905918625 0.196261971875 0.8726880078124999 0.1653197234375 0.860366646875 0.15576768125 0.8201524359375 0.13986553125 0.7853162 0.133636621875 0.76108251875 0.1379664671875
1 0 0.40815839687500005 0.0584958453125 0.373897040625 0.2451492078125 0.3237568546875 0.260737740625 0.3215313328125 0.2729397984375 0.3242484796875 0.2780621203125 0.3192755125 0.340467384375 0.31330266875 0.39967365 0.32301304218750004 0.387284115625 0.3095553453125 0.35413259531249996 0.3003668953125 0.3140888171875 0.29422888281250004 0.2689568015625 0.2950166640625 0.17207321250000002 0.3152652875 0.126992328125 0.31898231093749996 0.0733685578125 0.3306621421875 0.0425834890625 0.3575707015625 0 0.382512096875 0 0.40815839687500005
4 0.5139845640625 0 0.4728170234375 0.0227231453125 0.45506899531249995 0.000708109375 0.3657968796875 0.0022663609375 0.42718639375 0.10863304062500001 0.440315728125 0.1502629203125 0.407737709375 0.131297346875 0.31474408125000003 0.061760165624999995 0.23726217656249998 0.028230071875000002 0.10549291718750001 0.010995887499999999 0.0012690734375 0.0086292171875 0 0.009922840625 0 0.018747309375 0.06348272656250001 0.020100989062499998 0.160656790625 0.044915543749999995 0.295392784375 0.0900039796875 0.350483615625 0.11973900468750001 0.2659519328125 0.10865679531250001 0.171355040625 0.0893784640625 0.08453835781249999 0.0894985515625 0.0425281671875 0.098603653125 0.0005910187499999999 0.1118933859375 0 0.11223954843749999 0 0.1272367296875 0.0453244671875 0.11669376718749999 0.092245525 0.1047123421875 0.1319707171875 0.106809540625 0.20164806093749998 0.1195463359375 0.1275711515625 0.1389782765625 0.07566618281250001 0.14965139375 0.0386885984375 0.16285455625 0.0017110109375000002 0.17605771875 0 0.1844460171875 0 0.2077213734375 0.0219631703125 0.199424346875 0.07612878906250001 0.17615405312500002 0.1255783234375 0.166919096875 0.2196395671875 0.1555101390625 0.2616010625 0.14361528437499999 0.24723367812500002 0.17316740625 0.1977111 0.17821773125 0.1160487625 0.18941026562500002 0.079241609375 0.212377565625 0.0056029578125 0.2569172875 0 0.3113911671875 0 0.337701528125 0.095337678125 0.28186169687499996 0.1417961296875 0.2433776125 0.19336023125 0.2131762203125 0.24504606875 0.18994921250000002 0.24580084531250002 0.23319039218749998 0.261434309375 0.27617186562499996 0.2592953953125 0.29574342656249997 0.27164560781249997 0.29273725 0.2979492890625 0.23646604531249998 0.2946416890625 0.1890835171875 0.3213105890625 0.1537354640625 0.379124675 0.1973759734375 0.44474332343749995 0.26180978125 0.40214878593750003 0.2374378390625 0.3875622734375 0.25443606875 0.3781057546875 0.28111186875 0.393447046875 0.3073548171875 0.3038584109375 0.29077967031249996 0.1084913609375 0.3248864546875 0.07136769062500001 0.32972035625 0.039544446875 0.3539959625 0 0.391936540625 0 0.4109025328125 0.05972356250000001 0.373177959375 0.21278824843750002 0.33143775625 0.311687315625 0.3129678453125 0.368795321875 0.3161569265625 0.4212115890625 0.334776221875 0.42184462968750003 0.37104301875 0.42999005625000003 0.41136459218750004 0.4325672265625 0.41690081562500003 0.4379163515625 0.43913227499999996 0.42755896875 0.41419762968749996 0.3782311734375 0.4304069703125 0.371084003125 0.447275346875 0.3968800671875 0.5040324468749999 0.4308702515625 0.6039008765625 0.4368037203125 0.659609378125 0.45904870625000005 0.6550351859375 0.465900025 0.4791075703125 0.48048653906250005 0.4621093390625 0.5111570234375 0.4810778765625 0.49830761093750003 0.48830900625 0.5077434609375 0.60255905 0.5375251828125001 0.603434509375 0.5504560546875 0.49158465625 0.594020815625 0.4294309515625 0.5987855953125 0.41818536718750005 0.666250984375 0.4463090921875 0.8353423765624999 0.612189109375 0.9010827609375 0.6835973 0.9021260312500001 0.6012562828125 0.8433136890625 0.500425825 0.775337 0.4430096875 0.812533715625 0.44236041718749997 0.817395884375 0.4366943390625 0.7724189625 0.4179451890625 0.7524589734375 0.411317084375 0.6621642578125 0.354290509375 0.64959491875 0.3447427953125 0.649302746875 0.3280042734375 0.797456565625 0.28914039062499997 0.8738184765625 0.2585061515625 0.9188684437499999 0.2814399328125 0.9691701453125001 0.321025665625 0.9942844750000001 0.33872621718749996 0.9962132640625001 0.2786945703125 0.9401638703125 0.22246554375 0.892585425 0.19678529375 0.8427706781250001 0.1850970984375 0.8055739624999999 0.18574636875 0.8332411171875 0.20758826562500002 0.8634610953124999 0.233571509375 0.789481575 0.25858295625 0.7400807375 0.270607665625 0.700404240625 0.2713002203125 0.6285392859375001 0.27534523125 0.6321110328125 0.195750684375 0.693959471875 0.1862993046875 0.7287494484375 0.18987795000000002 0.739204221875 0.22039209999999998 0.74644878125 0.20910323125 0.77948940625 0.254571465625 0.8079320062500001 0.17872870000000002 0.6242821265625 0.173562509375 0.6661949265625 0.15887790156249998 0.6833586125 0.1474158921875 0.698651209375 0.170869090625 0.6986025140625001 0.16807933749999998 0.742508140625 0.12545390781250002 0.7632472531250001 0.176718071875 0.7805326765625 0.1722304484375 0.7675007328125 0.1361800734375 0.8077859203125 0.1703594390625 0.889959559375 0.18845931875 0.8696343578124999 0.160908059375 0.8296413421875 0.1434672171875 0.79227419375 0.13435235 0.851764590625 0.131918640625 0.9311906249999999 0.134718159375 0.9940463218750001 0.1545505359375 0.9934863249999999 0.12246836875 0.9481838765624999 0.1134920125 0.8861406562499999 0.111784378125 0.8414559046875001 0.10977375 0.796868540625 0.113342628125 0.754785309375 0.1182631 0.730060540625 0.122880578125 0.71503576875 0.114771025 0.665196671875 0.10168795312500001 0.647789509375 0.099201190625 0.7017846953125 0.0661667609375 0.760958571875 0.045599651562499996 0.867345678125 0.029789640625000002 0.921584340625 0.010703978125 0.9735866984375001 0.0056103671875 0.9831655140625 0 0.8795874046875 0 0.7703420484375 0.014739223437499999 0.6692066750000001 0.047201187500000005 0.5557697890625 0.0854590828125 0.5435169703125 0.0940447671875 0.5113285125 0.097397221875 0.49841830624999994 0.0683212328125 0.5222665578125001 0.0134881890625 0.5147676062500001 0 0.5139845640625 0