0 0.3287859203125 0.7253833843749999 0.36309390625 0.6912827375 0.383915740625 0.6526224265625 0.3837943453125 0.5740543328125 0.3618711609375 0.5434701937499999 0.3405873015625 0.5333776359375 0.3322907265625 0.54950215 0.309229815625 0.5756439265625 0.308500134375 0.5584278874999999 0.28339865 0.5315088765625 0.2544494453125 0.5170399609375 0.20777182968750002 0.50213599375 0.1512772109375 0.500911490625 0.126664034375 0.5007526140625 0.0966627796875 0.5204518171875 0.10180868437499999 0.568125875 0.1512213046875 0.60774086875 0.2437336234375 0.6673112359375 0.242978525 0.69865400625 0.205133353125 0.744666075 0.24160410625 0.7842062765625 0.3287859203125 0.7253833843749999
0 0.45361535000000003 0.7722108640625 0.447565871875 0.7572922515625 0.4220189546875 0.734611259375 0.34669504375 0.7192673468749999 0.291415875 0.7668749 0.24573607812499998 0.7932102375000001 0.23053179375 0.7687597421875 0.2383018703125 0.7141591921875 0.2158747328125 0.71494421875 0.18356992656249999 0.7324017171875 0.16416077499999998 0.7817797703125 0.15779107187500002 0.8423834484375 0.1701942078125 0.8838217046875 0.19557994218750002 0.9321947734375 0.231753740625 0.9745603218750001 0.362347525 0.9882862812500001 0.3777257015625 0.962765296875 0.40358227968750005 0.9583415375 0.42841221875 0.9395270874999999 0.44512669374999997 0.9012920421875 0.46125996562499993 0.8444282875000001 0.45361535000000003 0.7722108640625
0 0.5781890578125 0.43251922499999995 0.6180748078125 0.43956794375 0.64657770625 0.4317088 0.6317989234375 0.4128733140625 0.5559311296875 0.3640505140625 0.5123363734375 0.358468725 0.5207360875 0.39934337656249996 0.48406261875 0.43662327031250003 0.3303859234375 0.5193080921875 0.3504645703125 0.54569918125 0.3842418484375 0.5094003390624999 0.40042140625 0.5052449343750001 0.49544800625 0.44667525 0.536237328125 0.420968525 0.5781890578125 0.43251922499999995
0 0.5132631078125 0.62022680625 0.5439779296875 0.62031285 0.5351862921875 0.6508109453124999 0.5790326609374999 0.711979225 0.61932779375 0.7272121609375 0.6740890328125 0.7376811203125 0.6623994625 0.716028109375 0.6230842859375 0.69147153125 0.6292627093750001 0.6858364828125 0.7023958968749999 0.6809542375000001 0.700613290625 0.6713402375 0.6820919937500001 0.6615380375 0.6273307546875 0.6510690796875 0.6803093859375 0.6519240374999999 0.6788534328125 0.6392021578125 0.62410616875 0.6020258546874999 0.5860836203125 0.591745096875 0.587063575 0.582421453125 0.5149382953125 0.5245653671875 0.46831538906250003 0.48981407499999996 0.44150640937499996 0.47914080468750003 0.4237877640625 0.48827624687500004 0.422644484375 0.49915382968750005 0.4374232671875 0.5179893156250001 0.4972056734375 0.5604081546875 0.5184755546875001 0.5972080562500001 0.41578480312500005 0.5644193296875 0.42032997187500004 0.5743236859375 0.46175440625 0.6053863828125 0.5132631078125 0.62022680625
0 0 0.7520438390625 0.004501546875 0.749859153125 0.0739710703125 0.688032 0.141236290625 0.6036920171875 0.10521097187499999 0.559913796875 0.10390008125000001 0.524069046875 0.1262186015625 0.504990634375 0.1522236578125 0.4991542046875 0.128153896875 0.476914121875 0.0820069921875 0.464208353125 0.058138746875 0.45213023124999996 0.040895231250000004 0.4567451203125 0.0135962734375 0.45073367031249995 0.002056053125 0.45423406406250005 0 0.47379610312500003 0 0.7520438390625
0 0 0.8281996734374999 0.0511435859375 0.832745453125 0.06930472343750001 0.8532218890625 0.1603097171875 0.857073784375 0.151513796875 0.83929560625 0.16894771875 0.753146009375 0.1949680234375 0.71817429375 0.21577588125 0.706221328125 0.17436542187499998 0.6484512859375 0.153571540625 0.6336969078125 0.13179770468750002 0.628266171875 0.0654543171875 0.701419640625 0 0.7487224390625 0 0.8281996734374999
0 0.844686403125 0.6462054687500001 0.7869992781249999 0.63700009375 0.7544878734375 0.6540073953125 0.7471661703125 0.6705200265625 0.7625842781250001 0.7098470953125 0.7970136609375 0.75431454375 0.8415273078125001 0.7825597156249999 0.950069834375 0.8128212749999999 0.9382309140625 0.7660148609374999 0.8893633781249999 0.6728967015625 0.844686403125 0.6462054687500001
0 0.6962857890625 1 0.6977152484375 0.9863996 0.716484675 0.9455239828125 0.7090415734375 0.8834685203125 0.7158733015625 0.8716177109375 0.6867917375 0.8559922609375 0.6674538125 0.8539597640625001 0.6386849234375 0.8619337781249999 0.6001723984375 0.8563148421875001 0.5382527796875001 0.8608045750000001 0.491765246875 0.8779140312499999 0.4956571109375 0.8940341500000001 0.5527049109375 0.8827479421875 0.642366378125 0.8848875187499999 0.64465809375 0.9379747046875 0.6424640328125 0.9805924640624999 0.644685128125 1 0.6962857890625 1
0 0.0244613734375 0.2410616875 0.07760333281250001 0.2403627046875 0.1599901796875 0.25373523124999997 0.097118559375 0.2141339171875 0.0423573203125 0.203664959375 0.028381190625000004 0.203767115625 0.0244613734375 0.2410616875
0 0 0.9093532484375 0.02931043125 0.9124338984374999 0.0863442546875 0.9278550359375 0.0970818234375 0.9054169984374999 0.0910807 0.8827907625 0.056324665625000006 0.8414311953125001 0.0374767171875 0.8347368749999999 0.008530528125 0.870972175 0 0.873187225 0 0.9093532484375
3 0.709482034375 1 0.7224145 0.9350066578125 0.7164273546875 0.8856730765625 0.7820894859374999 0.8721500578124999 0.8123143296875 0.8768979234375 0.8886581250000001 0.9477662468749999 0.9528363515624999 0.9749360375 0.9689016625000001 0.822084803125 0.88263525625 0.797306771875 0.8284106796874999 0.8058903265625 0.8029741250000001 0.8546348734375 0.7026531375 0.8669431734374999 0.69068995625 0.859972678125 0.678726771875 0.8530021812499999 0.64503898125 0.859459403125 0.6200732703125 0.855407121875 0.6635351921875 0.8042722812499999 0.6452382828125 0.7609291125000001 0.603731984375 0.7451403953125 0.5840987734375 0.7145112859375 0.617476903125 0.7351588140625 0.6968029625 0.7534942703125 0.6748068093749999 0.7211885265625 0.5957904125 0.67574831875 0.574091215625 0.6406172296875 0.7408715046875 0.6724293328125001 0.8070084390625001 0.767933890625 0.952920209375 0.81469196875 0.8837627453125 0.675450265625 0.8605329562499999 0.6572976484375 0.8091875796875 0.6409032859375 0.769858425 0.6430540515625001 0.7378370000000001 0.65539953125 0.682912434375 0.6464845125 0.6530282187500001 0.611921421875 0.6497896578125 0.5895855421875 0.661017203125 0.562485684375 0.68393431875 0.5570388359375 0.69336528125 0.5470323234375 0.7323677843749999 0.5479894390625 0.8157066328125 0.6054530125 0.936265378125 0.6542597 0.948785553125 0.6414356640625 0.9517254156250001 0.6134647359375001 0.9345247015625 0.5645236671875 0.9054571156250001 0.5221908734375 0.8313719265625 0.482982071875 0.7740114499999999 0.47066881718750003 0.7309397828125 0.48185286875 0.7063754328125 0.529546465625 0.6689922109374999 0.539757290625 0.6468917234375 0.5374344359375 0.588252596875 0.48413801406249996 0.548284115625 0.4657971984375 0.50424646875 0.4595975484375 0.5023005359375 0.4515374890625 0.5213257875 0.4299705234375 0.541317015625 0.425787259375 0.565363434375 0.4361701734375 0.5661660875 0.455107815625 0.5898858546875 0.46859860937500003 0.6839762484375 0.47691680312500007 0.6929172328125001 0.4715721109375 0.689678671875 0.44923623125 0.6539426828125 0.41720030625 0.613484225 0.40352131093750004 0.5288387703125 0.3584892625 0.5168085734375001 0.3666514765625 0.5210131125 0.40637105937499995 0.5084929375 0.4191950953125 0.3493378078125 0.5250135390625 0.3531222515625 0.43585821874999997 0.313835028125 0.3578869515625 0.2292035484375 0.2861475578125 0.12814605625 0.2378194265625 0.088994203125 0.21170890625 0.06429448125000001 0.20754175468749997 0.0274012359375 0.213090759375 0.012865246875 0.351391459375 0.0875897625 0.41109184374999996 0.1038244984375 0.442649209375 0.0856158765625 0.4564464734375 0.0362164328125 0.44811216875 0.0024124015625 0.45084365000000004 0 0.4737961171875 0 0.9502020218749999 0.08584030000000001 0.9592242015625001 0.0977351265625 0.8992012375 0.07695522187500001 0.8577395140625 0.081201690625 0.8173370625 0.09843035781250001 0.812863440625 0.1453938921875 0.8177995078125001 0.1642138890625 0.8779085156249999 0.1655065171875 0.8921843375 0.137213628125 0.9222038749999999 0.1272787140625 0.9635795546875 0.4737961046875 1 0.6101805625 1 0.609597553125 0.998562240625 0.583768528125 0.9785653265625 0.5348590609375 0.9655692015625 0.5218628859375001 0.9563477140625001 0.503518890625 0.9182842296875 0.51343983125 0.9036158953125 0.5672350921875 0.8967011515625 0.6026723828125 0.8784302671875001 0.6220103078125 0.8804627640625 0.6405316062499999 0.890264965625 0.6447517140625 1 0.709482034375 1