0 0.68192285625 0.6155964015625 0.6915548765625 0.5730468296875 0.659758765625 0.4584616953125 0.6256823125000001 0.4377633375 0.5614506296874999 0.429062190625 0.51240810625 0.457353484375 0.44355126875 0.47539254218749993 0.44262922031249996 0.5285821234375 0.49581605937499995 0.6189684890625 0.5531372765625 0.66856071875 0.5736059546875001 0.6975515328124999 0.6062646171875 0.6776496375 0.65459824375 0.6290582171875 0.68192285625 0.6155964015625
0 0.4929160078125 0.37673463749999997 0.49564253125 0.454812046875 0.5235669781250001 0.4585272609375 0.5616687515625001 0.43530838281250006 0.5965036640625 0.398132515625 0.6052631953125001 0.330598171875 0.5905102796875 0.3060981171875 0.4711385984375 0.31026666718749996 0.4929160078125 0.37673463749999997
0 0.9981140296875 0.4372653546875 0.995169384375 0.352941753125 0.9473215640625 0.3358512078125 0.9111779203125 0.33554991875 0.870518184375 0.36511193125 0.9017815765625 0.3629460578125 0.9587035265624999 0.42300707656250003 0.9981140296875 0.4372653546875
0 0.5222781203125 0.739993703125 0.504912709375 0.7202752343750001 0.46544767499999995 0.7044554078124999 0.41819968906250005 0.7045418906250001 0.34901567187500004 0.713211659375 0.333013521875 0.7325318968750001 0.339656303125 0.7635689734375 0.38064818906250003 0.82311215 0.37477380312499997 0.8936726453125001 0.3923028046875 0.9180757578125001 0.49016973124999996 0.8552469781250001 0.532242290625 0.78654931875 0.5222781203125 0.739993703125
0 0.331218984375 0.76073670625 0.3096101359375 0.7786892796875 0.3005234203125 0.836854334375 0.30504448125 0.8867269328124999 0.3313925125 0.9248931499999999 0.380598628125 0.9012865 0.37645927968750004 0.8623447390625 0.3864184828125 0.82916445625 0.3509242375 0.7678658453125 0.331218984375 0.76073670625
0 0.32718373125 0.6451821421874999 0.28706433124999997 0.6106237359375 0.27024422656249997 0.6065207499999999 0.24613194374999997 0.6323780078125 0.1691104421875 0.6553925406250001 0.17515338593750002 0.6692525875 0.1865303828125 0.67667255625 0.228171665625 0.6752184109375 0.28412962343750003 0.6857719343750001 0.33126854843750003 0.6825623546874999 0.33605729375000004 0.66050679375 0.32718373125 0.6451821421874999
0 0.6280568125 0.107791959375 0.6325233421875 0.156103009375 0.6084110578125 0.1819602671875 0.6087927718749999 0.19289110468749998 0.64917985625 0.1555213515625 0.6940334703125 0.166462646875 0.7607685859375 0.1672591109375 0.7602232812499999 0.1516436296875 0.6986040921875001 0.13816089375 0.6280568125 0.107791959375
1 0.31098818281249996 0.1814023359375 0.335536709375 0.1680374640625 0.402648571875 0.1000288640625 0.38827736874999996 0.0864596453125 0.22992645937499998 0.009126403125 0.1716286609375 0.0111622078125 0.1502379328125 0.035360975 0.16395973749999998 0.10992751406250001 0.21910470625 0.176793715625 0.2200317234375 0.20334003437499998 0.3089209921875 0.20179940468750002 0.31098818281249996 0.1814023359375
0 0.2949860359375 0.200722571875 0.3921440640625 0.117593665625 0.3967692171875 0.09085346093749999 0.37385163593750004 0.0713288796875 0.3261128765625 0.0573614296875 0.2271503734375 0.009223346875 0.1633004046875 0.0114530375 0.1507287078125 0.0494149078125 0.166844884375 0.1129536671875 0.2192137671875 0.1799168125 0.2198681328125 0.19865539062499998 0.24234946875 0.20568758593749997 0.2949860359375 0.200722571875
0 0.158159753125 0.5009931578125 0.22892515625 0.5376082859375 0.295714803125 0.5399662968750001 0.31286209062500003 0.553438571875 0.36903817031249997 0.5702382890625 0.45542400625 0.5766023437500001 0.46064899375 0.56703916875 0.4396350125 0.5224328734375 0.43701755000000003 0.4474785609375 0.44708581406250003 0.41742137343749997 0.3871521015625 0.3726107328125 0.364779825 0.3687016328125 0.33299365000000003 0.4135882984375 0.286945334375 0.448028840625 0.26838522187499997 0.47369221250000004 0.2204828703125 0.45504011875000006 0.17132631874999998 0.4004724171875 0.15151200625 0.39022018125 0.11901693437500001 0.4148067203125 0.12038019687499998 0.4538454234375 0.158159753125 0.5009931578125
1 0.000031934375 0.5096420078125 0.044340242187500004 0.504967821875 0.0490744578125 0.4813507140625 0.102414953125 0.4169499265625 0.09637200625 0.403089878125 0.07084193125 0.388346884375 0.0312678359375 0.3694039609375 0.000621834375 0.3673472375 0.000031934375 0.5096420078125
0 0.009683826562500001 0.7860360328125 0.010447253125 0.8078977078125 0.021769717187500003 0.8137561281249999 0.0107199046875 0.8157054484374999 0.0110470875 0.8250747374999999 0.059816959375 0.788975703125 0.0699942828125 0.7620416125 0.16095074375 0.7401039125 0.16056903125 0.7291730765625 0.10961794062500001 0.702810184375 0.009683826562500001 0.7860360328125
0 0.9046145093750001 0.7047538875 0.9070039140624999 0.6139902078125 0.882777603125 0.5569884703125 0.8600236125 0.5421485328125 0.771188871875 0.5452507109375 0.727098684375 0.5561710875 0.7083204515625 0.5755882671875 0.760575303125 0.559692415625 0.8021075281250001 0.5551151734374999 0.8189821640625 0.5607797078125001 0.8597013984374999 0.6125151437499999 0.8589974703125 0.6719509171875 0.8964498453124999 0.7097293609374999 0.9046145093750001 0.7047538875
1 0.760129125 0.38772823125 0.8181542703125 0.37788468750000004 0.8173908437499999 0.3560230125 0.7635546062499999 0.3266339671875 0.679290490625 0.301434390625 0.643146846875 0.301133103125 0.6239869 0.30961944531249996 0.624259553125 0.3174271859375 0.68119905625 0.35608857656250004 0.6850657515624999 0.387222596875 0.716638771875 0.4158256390625 0.7249670296875 0.415534809375 0.724585315625 0.40460397343750004 0.7155481625 0.3845946765625 0.760129125 0.38772823125
1 0 0.3233349109375 0.032080825 0.313091284375 0.061697409375 0.268434771875 0.0874854171875 0.23888261718749998 0.0908594625 0.1656376140625 0.079155284375 0.14884835624999998 0.07082702656249999 0.1491391859375 0.013020003124999999 0.1652289234375 0.002406434375 0.1796706296875 0.009867171875 0.234130928125 0 0.289470378125 0 0.3233349109375
0 0.3714176375 0.3200028109375 0.36564734374999996 0.313950503125 0.2822557140625 0.31373569843750004 0.2724006046875 0.2703031796875 0.15019830625 0.273007125 0.1197704265625 0.2771965953125 0.1270675703125 0.32697224999999996 0.1512393546875 0.382412440625 0.220428340625 0.45347857031250005 0.24590388437500002 0.46666001718750005 0.265391015625 0.46754296406250007 0.3353334921875 0.40099896875 0.366956075 0.351427659375 0.3714176375 0.3200028109375
0 0.3843447921875 1 0.4381379671875 0.957124921875 0.441399859375 0.8913460125 0.43013192499999997 0.8870491406250001 0.397745915625 0.9147587765624999 0.3643238265625 0.9127989968750001 0.33400500625 0.9201115625 0.311305546875 0.9068331734375 0.29258184531250003 0.9278119 0.2113664640625 0.9103231234375 0.20097101875 0.931011021875 0.1985763078125 1 0.3843447921875 1
0 0.8291198609375 0.7714917671875 0.8241080265624999 0.7075652359375 0.8066880859375001 0.6862852203124999 0.7671139921875 0.667342296875 0.6697328734375 0.6644891109375 0.6039793046875 0.6918005140625 0.60158493125 0.70282829375 0.6407227828125001 0.7092788328124999 0.647474625 0.74343900625 0.6881393296875 0.79361289375 0.7078991109375 0.80230358125 0.7525346046875 0.806998684375 0.799291815625 0.7928582671875 0.8291198609375 0.7714917671875
3 0.5036363796875001 1 0.69234314375 0.9935880015624999 0.6628373109375 0.944587890625 0.5952228859375001 0.9021696109375 0.6123496 0.8469286437499999 0.635393703125 0.7954548109374999 0.6509327203125 0.7512955171875 0.6738771875 0.7831667718750001 0.69847935625 0.8032066140625 0.7176996921875001 0.8441745515625 0.745842259375 0.854135959375 0.7704998484375001 0.8438941828125 0.7884055953125 0.7994922328125 0.8237312812500001 0.7763702984374999 0.8212774109375 0.70610063125 0.7981417078125 0.68032985625 0.753015440625 0.66158081875 0.7466453140625 0.6383514828125 0.74843985 0.610146671875 0.7995495640625 0.5614583093750001 0.824697925 0.5652704671875 0.8534948609375 0.5939704515625001 0.8589974703125 0.6719509171875 0.8907886125 0.7068001515625 0.9015657718750001 0.697043090625 0.894595809375 0.6566367234375 0.904227828125 0.6140871515625 0.87989245625 0.5539623171875 0.8781151015625 0.5450103703125 0.8571929968750001 0.540683928125 0.7903488203125 0.53676436875 0.7745052953125 0.48103334999999997 0.7285065421875 0.43729954062500004 0.7220273515625 0.4109471078125 0.69889165 0.385176334375 0.76969405625 0.3869420234375 0.8225741718749999 0.3733096890625 0.9042647203125 0.3661712765625 0.947780621875 0.411794553125 0.9981359578125 0.43789326562499997 0.9952211312499999 0.3544235734375 0.9546810359375 0.33655353906249996 0.9146005421875 0.33473889218749997 0.8903813812499999 0.3505846546875 0.8220509984375 0.35832795 0.7774539671875 0.33631386874999997 0.756181821875 0.3274138453125 0.7487471625000001 0.3005723640625 0.7295255593750001 0.25402651875000004 0.6527633109375001 0.25803075625 0.6523922062499999 0.301972315625 0.2736441734375 0.3151984875 0.268268140625 0.27038619375 0.1940785109375 0.2740483828125 0.117910884375 0.2756367859375 0.120424790625 0.29593517343750003 0.1429656265625 0.3842648171875 0.1073981875 0.411141334375 0.049067298437500004 0.37782113125 0 0.3649673375 0 0.5087275453125 0.0008498906250000001 0.5330652296875 0.011084271875 0.8261395500000001 0.065101446875 0.860709975 0.1156162921875 0.8745804828124999 0.135641215625 0.89250425625 0.14210096875 0.9683501515625 0.13774087343750002 1 0.5036363796875001 1