0 0.353282828125 0.7420454546874999 0.3838383828125 0.7045454546875 0.40050505000000003 0.6639204546874999 0.3921717171875 0.5857954546874999 0.3671717171875 0.5576704546875 0.34494949375 0.5498579546875 0.33838383906249997 0.5667613640625 0.31818181874999996 0.5951704546875 0.3156565671875 0.578125 0.2878787890625 0.5539772734375 0.25757575781250003 0.5426136359375 0.2095959578125 0.5326704546875 0.153282828125 0.5373579546875 0.128787878125 0.5397727265625 0.10101009999999999 0.5625 0.1111111109375 0.609375 0.1643939390625 0.6436079546875 0.2626262640625 0.6931818187500001 0.2651515140625 0.7244318187500001 0.2323232328125 0.7741477265625 0.272727271875 0.8096590906250001 0.353282828125 0.7420454546874999
0 0.4141414140625 1 0.42676767812499994 0.9730113640625 0.452020203125 0.9659090906250001 0.47474747500000003 0.9446022734374999 0.4873737359375 0.9048295453125 0.49747474687500004 0.8465909093749999 0.4823232328125 0.7755681812499999 0.47474747500000003 0.7613636359375 0.446969696875 0.7414772734375 0.37045454375000003 0.734090909375 0.32045454375000004 0.787215909375 0.27777777812500004 0.81818181875 0.26010101093750004 0.7954545453125 0.2621212109375 0.740340909375 0.23989898906249998 0.743465909375 0.2095959578125 0.7642045453125 0.19545454375 0.8153409093749999 0.19545454375 0.876278409375 0.2121212109375 0.91619318125 0.24242424218749997 0.9616477265625001 0.2828282828125 1 0.4141414140625 1
0 0.57070706875 0.424715909375 0.6111111109375 0.42755681875 0.6386363640625 0.41676136406250003 0.621969696875 0.3995738640625 0.5414141421875 0.3589488640625 0.49747474687500004 0.35795454531250004 0.5101010109375 0.39772727343750003 0.47752525312499994 0.43863636406250006 0.3333333328125 0.5369318187500001 0.35606060624999997 0.5610795453125 0.3858585859375 0.5214488640625 0.40151515312499997 0.515625 0.48989898906249996 0.44744318125 0.527777778125 0.41761363593749995 0.57070706875 0.424715909375
0 0.525757575 0.61818181875 0.55631313125 0.6150568187500001 0.550757575 0.6463068187500001 0.600757575 0.70255681875 0.6424242421875 0.71349431875 0.697979796875 0.71818181875 0.6840909078124999 0.69786931875 0.6424242421875 0.6775568187500001 0.647979796875 0.67130681875 0.72020201875 0.65880681875 0.7174242421875 0.64943181875 0.697979796875 0.64161931875 0.6424242421875 0.63693181875 0.69520201875 0.63224431875 0.6924242421875 0.61974431875 0.6340909078125 0.58849431875 0.59520201875 0.58224431875 0.59520201875 0.57286931875 0.5174242421875 0.52286931875 0.4674242421875 0.49318181875 0.4396464640625 0.48536931875 0.422979796875 0.49630681875000004 0.422979796875 0.50724431875 0.4396464640625 0.52443181875 0.503535353125 0.5603693187500001 0.528535353125 0.59474431875 0.422979796875 0.57286931875 0.428535353125 0.58224431875 0.47297979687499997 0.60880681875 0.525757575 0.61818181875
0 0 0.8210227265625001 0.0333333328125 0.800284090625 0.095959596875 0.7315340906250001 0.154040403125 0.640625 0.1136363640625 0.6008522734375 0.1085858578125 0.5653409093749999 0.128787878125 0.5440340906250001 0.154040403125 0.5355113640625 0.127777778125 0.515909090625 0.08055555625000001 0.508096590625 0.055555556250000006 0.49857954531250004 0.0388888890625 0.5049715906250001 0.0111111109375 0.501846590625 0 0.506534090625 0 0.8210227265625001
0 0 0.8792613640625 0.0883838390625 0.8778409093749999 0.1085858578125 0.89630681875 0.19949495 0.890625 0.1888888890625 0.8738636359375 0.197222221875 0.7863636359374999 0.21944444375 0.7488636359374999 0.2388888890625 0.7348011359375 0.1916666671875 0.6816761359375 0.16944444375 0.6691761359374999 0.147222221875 0.6660511359375 0.0888888890625 0.7457386359375 0.013888889062500001 0.8129261359375001 0 0.8473011359375 0 0.8792613640625
0 0.8580808078125 0.609375 0.799747475 0.60625 0.76919191875 0.6265625 0.7636363640625 0.64375 0.7830808078125 0.68125 0.821969696875 0.721875 0.86919191875 0.7453125 0.9803030312500001 0.7640625 0.9636363640625 0.71875 0.9053030312500001 0.63125 0.8580808078125 0.609375
0 0.6919191921875 0.96306818125 0.69949495 0.9971590906250001 0.747474746875 1 0.747474746875 0.96306818125 0.7618686859375 0.9204545453125 0.7479797968749999 0.8595170453125001 0.753535353125 0.8470170453125 0.722979796875 0.8345170453125 0.703535353125 0.8345170453125 0.675757575 0.8454545453125 0.6368686859375 0.8438920453125001 0.575757575 0.8548295453125 0.53131313125 0.8767045453125 0.5368686859375 0.8923295453125 0.5924242421875 0.8751420453125001 0.6818181812499999 0.8678977265625001 0.6896464640625 0.9204545453125 0.6919191921875 0.96306818125
0 0 0.2921875 0.052777778124999994 0.2859375 0.1361111109375 0.290625 0.06944444375 0.2578125 0.013888889062500001 0.253125 0 0.2546875 0 0.2921875
0 0 0.959375 0.075 0.959375 0.13333333281249998 0.96875 0.1416666671875 0.9453125 0.13333333281249998 0.9234375 0.09444444375 0.8859375 0.075 0.88125 0.05 0.9203125 0 0.9390625 0 0.959375
3 1 0.7713068187500001 0.9116161609375 0.7556818187500001 0.8585858578125001 0.7698863640625 0.8383838390625 0.8210227265625001 0.7398989890625 0.84375 0.727272728125 0.83806818125 0.7146464640625 0.8323863640625 0.6818181812499999 0.8423295453125 0.65656565625 0.8409090906250001 0.6944444437499999 0.7855113640625 0.671717171875 0.7443181812499999 0.628787878125 0.7329545453125 0.60606060625 0.7045454546875 0.6414141421874999 0.7215909093749999 0.722222221875 0.7315340906250001 0.696969696875 0.7017045453125 0.6136363640625 0.6647727265625 0.5883838390625 0.6321022734375 0.7575757578125 0.6463068187500001 0.8333333328125001 0.734375 0.9833333328125 0.765625 0.9 0.634375 0.875 0.61875 0.8222222218749999 0.6078125 0.7833333328125 0.6140625 0.752777778125 0.6296875 0.6972222218749999 0.6265625 0.6638888890625 0.5953125 0.6583333328125 0.5734375 0.6666666671875 0.5453125 0.6888888890625 0.5375 0.6972222218749999 0.5265625 0.7361111109375 0.5234375 0.825 0.571875 0.95 0.6078125 0.9611111109375001 0.59375 0.9611111109375001 0.565625 0.9388888890624999 0.51875 0.9055555562500001 0.4796875 0.827777778125 0.4484375 0.76944444375 0.4421875 0.727777778125 0.4578125 0.7083333328125 0.5078125 0.672222221875 0.521875 0.65 0.521875 0.5861111109375 0.475 0.54444444375 0.4609375 0.5 0.459375 0.497222221875 0.4515625 0.5138888890625 0.428125 0.5333333328125 0.421875 0.5583333328125 0.4296875 0.5611111109375 0.4484375 0.5861111109375 0.459375 0.6805555562500001 0.4578125 0.6888888890625 0.4515625 0.6833333328125 0.4296875 0.64444444375 0.4015625 0.602777778125 0.3921875 0.5138888890625 0.35625 0.502777778125 0.365625 0.5111111109375 0.4046875 0.5 0.41875 0.352777778125 0.540625 0.34722222187499996 0.4515625 0.3 0.378125 0.20833333281250002 0.315625 0.102777778125 0.278125 0.061111110937500004 0.25625 0.0361111109375 0.2546875 0 0.2640625 0 0.403125 0.08055555625000001 0.4546875 0.1 0.484375 0.08333333281250001 0.5 0.0333333328125 0.496875 0 0.503125 0 1 0.1361111109375 1 0.1416666671875 0.9390625 0.1166666671875 0.9 0.1166666671875 0.859375 0.13333333281249998 0.853125 0.18055555625 0.853125 0.20555555625 0.9109375 0.20833333281250002 0.925 0.1833333328125 0.9578125 0.177777778125 1 0.66944444375 1 0.6611111109375 0.984375 0.6333333328124999 0.9671875 0.5833333328125 0.959375 0.5694444437499999 0.9515625 0.547222221875 0.915625 0.5555555562500001 0.9 0.6083333328125 0.8875 0.6416666671875 0.865625 0.6611111109375 0.865625 0.6805555562500001 0.8734375 0.6972222218749999 0.9890625 0.7111111109375 1 0.7583333328124999 1 0.7666666671875 0.909375 0.75555555625 0.8609375 0.8194444437499999 0.840625 0.85 0.8421875 0.9333333328125001 0.9046875 1 0.925 1 0.7713068187500001