0 0.44166666718750003 0.5265625 0.4916666671875 0.61875 0.547222221875 0.6703125 0.5666666671875 0.7 0.6 0.68125 0.65 0.634375 0.6777777781250001 0.621875 0.6888888890625 0.5796875 0.6611111109375 0.4640625 0.627777778125 0.4421875 0.5638888890625 0.43125 0.5138888890625 0.4578125 0.44444444375 0.4734375 0.44166666718750003 0.5265625
0 0.525 0.459375 0.5638888890625 0.4375 0.6 0.4015625 0.6111111109375 0.334375 0.597222221875 0.309375 0.477777778125 0.309375 0.497222221875 0.3765625 0.497222221875 0.4546875 0.525 0.459375
0 1 0.3703125 0.952777778125 0.3515625 0.9166666671874999 0.35 0.875 0.378125 0.9063199359375 0.377051521875 0.9611111109375001 0.4390625 1 0.4546875 1 0.3703125
0 0.33055555625 0.7578125 0.36944444375 0.81875 0.3611111109375 0.8890625 0.377777778125 0.9140625 0.477777778125 0.8546875 0.522222221875 0.7875 0.5138888890625 0.740625 0.497222221875 0.7203125 0.4583333328125 0.703125 0.41111111093749997 0.7015625 0.3416666671875 0.7078125 0.325 0.7265625 0.33055555625 0.7578125
0 0.2916666671875 0.8796875 0.3166666671875 0.91875 0.36666666718749996 0.896875 0.3638888890625 0.8578125 0.375 0.825 0.3416666671875 0.7625 0.322222221875 0.7546875 0.3 0.771875 0.2888888890625 0.8296875 0.2916666671875 0.8796875
0 0.16944444375 0.6578125 0.18055555625 0.665625 0.222222221875 0.665625 0.27777777812500004 0.678125 0.325 0.6765625 0.33055555625 0.6546875 0.322222221875 0.6390625 0.2833333328125 0.603125 0.2666666671875 0.5984375 0.2416666671875 0.6234375 0.16388888906250001 0.64375 0.16944444375 0.6578125
0 0.61944444375 0.196875 0.6611111109375 0.1609375 0.70555555625 0.1734375 0.772222221875 0.1765625 0.772222221875 0.1609375 0.7111111109375 0.1453125 0.6416666671875 0.1125 0.64444444375 0.1609375 0.61944444375 0.1859375 0.61944444375 0.196875
1 0.1888888890625 0 0.1666666671875 0.0234375 0.177777778125 0.0984375 0.23055555625 0.1671875 0.23055555625 0.19375 0.31944444375000003 0.1953125 0.322222221875 0.175 0.34722222187499996 0.1625 0.4166666671875 0.096875 0.40277777812500004 0.0828125 0.24722222187499998 0 0.1888888890625 0
0 0.18055555625 0 0.1666666671875 0.0375 0.18055555625 0.1015625 0.23055555625 0.1703125 0.23055555625 0.1890625 0.252777778125 0.196875 0.30555555624999997 0.19375 0.40555555625000006 0.1140625 0.41111111093749997 0.0875 0.3888888890625 0.0671875 0.3416666671875 0.0515625 0.24444444375000002 0 0.18055555625 0
0 0.26944444375 0.465625 0.222222221875 0.4453125 0.175 0.3890625 0.15555555625 0.378125 0.12222222187500001 0.4015625 0.12222222187500001 0.440625 0.1583333328125 0.4890625 0.22777777812500002 0.528125 0.29444444375 0.5328125 0.3111111109375 0.546875 0.36666666718749996 0.565625 0.45277777812500003 0.575 0.4583333328125 0.565625 0.4388888890625 0.5203125 0.4388888890625 0.4453125 0.45 0.415625 0.3916666671875 0.36875 0.36944444375 0.3640625 0.3361111109375 0.4078125 0.2888888890625 0.440625 0.26944444375 0.465625
1 0.05 0.465625 0.10555555624999999 0.403125 0.1 0.3890625 0.075 0.3734375 0.0361111109375 0.353125 0.00555555625 0.35 0 0.4921875 0.04444444375 0.4890625 0.05 0.465625
0 0 0.8078125 0.05 0.7734375 0.061111110937500004 0.746875 0.15277777812499999 0.728125 0.15277777812499999 0.7171875 0.102777778125 0.6890625 0 0.76875 0 0.790625 0.0111111109375 0.796875 0 0.7984375 0 0.8078125
0 0.7583333328124999 0.56875 0.8 0.565625 0.8166666671874999 0.571875 0.85555555625 0.625 0.852777778125 0.684375 0.8888888890625 0.7234375 0.897222221875 0.71875 0.902777778125 0.628125 0.88055555625 0.5703125 0.8583333328125 0.5546875 0.76944444375 0.5546875 0.725 0.5640625 0.70555555625 0.5828125 0.7583333328124999 0.56875
1 0.6861111109375 0.3625 0.6888888890625 0.39375 0.7194444437499999 0.4234375 0.727777778125 0.4234375 0.727777778125 0.4125 0.7194444437499999 0.3921875 0.7638888890625 0.396875 0.8222222218749999 0.3890625 0.8222222218749999 0.3671875 0.76944444375 0.3359375 0.6861111109375 0.3078125 0.65 0.30625 0.63055555625 0.3140625 0.63055555625 0.321875 0.6861111109375 0.3625
1 0.019444443750000002 0.2171875 0 0.3078125 0.0388888890625 0.296875 0.070045921875 0.2532792953125 0.096849575 0.22464513125000002 0.102777778125 0.1515625 0.0916666671875 0.134375 0.08333333281250001 0.134375 0.025 0.1484375 0.013888889062500001 0.1625 0.019444443750000002 0.2171875
0 0.15555555625 0.3703125 0.222222221875 0.44375 0.24722222187499998 0.4578125 0.2666666671875 0.459375 0.33888888906250003 0.3953125 0.372222221875 0.346875 0.377777778125 0.315625 0.372222221875 0.309375 0.2888888890625 0.30625 0.28055555625 0.2625 0.1583333328125 0.2609375 0.127777778125 0.2640625 0.13333333281249998 0.3140625 0.15555555625 0.3703125
0 0.3611111109375 1 0.42222222187499997 0.9546875 0.427777778125 0.8890625 0.4166666671875 0.884375 0.38333333281250004 0.9109375 0.35 0.9078125 0.31944444375000003 0.9140625 0.29722222187499997 0.9 0.27777777812500004 0.9203125 0.197222221875 0.9 0.1861111109375 0.9203125 0.18055555625 1 0.3611111109375 1
0 0.6333333328124999 0.7140625 0.6388888890625 0.7484375 0.6777777781250001 0.8 0.6972222218749999 0.809375 0.7416666671875001 0.815625 0.7888888890625 0.803125 0.8194444437499999 0.7828125 0.8166666671874999 0.71875 0.8 0.696875 0.7611111109375 0.6765625 0.6638888890625 0.6703125 0.597222221875 0.6953125 0.5944444437499999 0.70625 0.6333333328124999 0.7140625
3 1 0.37179522343750004 0.9601082562500001 0.3525212453125 0.9201155078125 0.349308915625 0.8953580921875 0.36429978749999997 0.8267990968750001 0.3696536703125 0.7829975140625 0.3460965859375 0.7620489328125 0.33645959687500004 0.75555555625 0.309375 0.7379700890625001 0.2621866859375 0.66111485625 0.2635095203125 0.6592104390625 0.30741135937499997 0.28023154375 0.30741135937499997 0.27642271093750004 0.26243874375 0.2021504671875 0.2635095203125 0.12597380625000001 0.26243874375 0.127777778125 0.2828125 0.147222221875 0.371875 0.11073847187500001 0.39749385937500004 0.05360597499999999 0.362158234375 0 0.3460965859375 0 0.47994365468750005 0 0.515625 0 0.8088779625000001 0.052777778124999994 0.8453125 0.102777778125 0.8609375 0.122164971875 0.8795492156250001 0.12597380625000001 0.95557435 0.1183561390625 0.9994761890625 0.675 1 0.647222221875 0.95 0.5811293609375 0.9052478515625 0.600173525 0.8506382484375001 0.625 0.8 0.6420706890625001 0.7564099109375 0.6638888890625 0.7890625 0.6877766890625 0.8099487390625001 0.70555555625 0.8515625 0.7333333328125 0.8625 0.7583333328124999 0.853125 0.777777778125 0.809375 0.8138888890624999 0.7875 0.8138888890624999 0.7171875 0.7916666671875 0.690625 0.747222221875 0.6703125 0.7416666671875001 0.646875 0.74444444375 0.61875 0.797222221875 0.571875 0.8222222218749999 0.5765625 0.85 0.60625 0.852777778125 0.684375 0.8833333328125 0.7203125 0.89444444375 0.7109375 0.8888888890625 0.6703125 0.9 0.628125 0.877777778125 0.5671875 0.876313925 0.5581789781250001 0.85555555625 0.553125 0.7888888890625 0.546875 0.775 0.490625 0.73055555625 0.4453125 0.725 0.41875 0.702777778125 0.3921875 0.7734754328125 0.3964230828125 0.8267990968750001 0.3846445421875 0.9086890078125001 0.3803614359375 0.9505861718749999 0.427475603125 1 0.45531579375 1 0.37179522343750004