0 0.3673606515625 0.803988046875 0.3868205765625 0.7646246140625 0.3839572671875 0.68610861875 0.360980065625 0.65630821875 0.3393569484375 0.64696460625 0.3303271015625 0.696455271875 0.315600090625 0.7079559828125 0.2902878578125 0.6717270390625 0.190485303125 0.625590278125 0.149029128125 0.6211250640625 0.12147415937499999 0.6567898046875 0.121629303125 0.6943922234375 0.15270154687499998 0.7278913171875 0.248752140625 0.7878625546875 0.260754290625 0.8153291890625001 0.2542774671875 0.8681310109375 0.263944584375 0.889169103125 0.334263659375 0.8392652500000001 0.3673606515625 0.803988046875
0 0.30459164843750003 0.865384059375 0.2641625734375 0.886051715625 0.2517244453125 0.8648198562499999 0.2496702453125 0.8145541171874999 0.22728416718750002 0.8161213609375 0.20978614218749997 0.827428303125 0.17793424062500002 0.8847209890625001 0.17368345624999998 0.9455100484375001 0.19079165 0.9795989953124999 0.445724684375 0.9974256499999999 0.459315603125 0.9623507625000001 0.4580872109375 0.8604543609374999 0.44543109375 0.8423398875 0.4187019328125 0.8263739640625 0.3581756625 0.81587629375 0.30459164843750003 0.865384059375
0 0.63783375 0.5597603703125 0.634253628125 0.5313163453125 0.6188265000000001 0.5130081046875 0.54130103125 0.46686279375 0.5140268953125 0.4586903390625 0.510430078125 0.510127234375 0.472009053125 0.541899515625 0.34995886718749997 0.6148133390625 0.35517390625 0.6198769562499999 0.3747889734375 0.6181159453125 0.4741260984375 0.5514454468750001 0.5470443453125 0.5440138625000001 0.5961595875000001 0.55841254375 0.63783375 0.5597603703125
0 0.5188648625 0.7080728015625 0.549563975 0.7070868609375001 0.5418420625 0.7378732015625 0.5877964625 0.7974740031249999 0.6285986703125 0.8112913796875001 0.6836919124999999 0.8198428218749999 0.6712537843749999 0.7986109609375001 0.63110554375 0.775441421875 0.6370835453125 0.7695941828125 0.7100017937499999 0.7621626 0.7078847484375 0.75261666875 0.68903264375 0.7434668234374999 0.6339394015625001 0.7349153828125 0.6869155984375 0.7339208921875 0.6850165421875001 0.7212575734375 0.629005196875 0.6860145703125 0.5906470171875 0.6770670421875 0.591300984375 0.6677148796875 0.5172004921875 0.6124111734375 0.46939318593749996 0.5793081671875 0.44222804531250004 0.56957701875 0.4248390171875 0.5793252671875 0.42407605625 0.5902361234375 0.4395031828125 0.6085443640625 0.50072956875 0.6488509859375 0.523270790625 0.6848861609375 0.4194982875 0.6557012640625001 0.4243863421875 0.6654409640625001 0.466869615625 0.6950390468750001 0.5188648625 0.7080728015625
0 0 0.8933004625000001 0.0047146140625 0.89297039375 0.0056955640625 0.87894215 0.08519963124999999 0.8171500500000001 0.1438435421875 0.73510348125 0.1195122578125 0.68484629375 0.13827206718750001 0.6156739109375 0.1197469453125 0.601847984375 0.0731847265625 0.590760459375 0.054768596875 0.5753758390625 0.0318375453125 0.5847365515625 0.004345421875 0.579681484375 0 0.5811670234374999 0 0.8933004625000001
0 0 0.91901943125 0.013291784374999999 0.9295954234374999 0.0849021015625 0.9408681671875 0.10886025156250001 0.9566403234375 0.1207072578125 0.9465045390625001 0.139777353125 0.9525369953125 0.148526365625 0.946883525 0.17612748281249999 0.9503798984375 0.1905442078125 0.863674346875 0.21532816562499998 0.8278158390625 0.23570619375000001 0.8151439703125 0.192304815625 0.7588543249999999 0.17100868281249998 0.74483463125 0.14905858125 0.7401670984375001 0.085308625 0.81559135625 0.0058045578125 0.8773834562499999 0 0.8892841953125 0 0.91901943125
0 0.8128100437500001 0.7254948203125 0.7548367953125 0.7183083046875 0.7229387453125 0.7364398765625 0.71619778125 0.7531979718749999 0.73297899375 0.791963 0.7689392953125 0.8352017921874999 0.81441156875 0.8618762546875001 0.923944084375 0.8883312999999999 0.9104788562499999 0.8419665703125 0.8583913125 0.7506105890625 0.8128100437500001 0.7254948203125
0 0.1608172296875 0.372905209375 0.104042921875 0.3485730625 0.07910382031249999 0.34682915 0.050521753125 0.3573610203125 0.033895684375 0.3561984125 0.0221576734375 0.3647755046875 0.033941834375 0.3953595265625 0.0623059140625 0.38794504375 0.1125111 0.38675678593749996 0.194224509375 0.41283284531250003 0.210959571875 0.41243675937499996 0.1608172296875 0.372905209375
0 0.1335813640625 0.9615016234375 0.0905531171875 0.9396970093749999 0.0657230109375 0.936394403125 0.030072996875 0.9683604515625 0.12428737812499999 0.9749485625000001 0.1335813640625 0.9615016234375
0 0.703767515625 1 0.696595471875 0.9538819406249999 0.7030094484375 0.941799925 0.67340028125 0.9271989265625 0.6540032015625 0.9258425515625 0.6255301296875 0.934815728125 0.586844965625 0.9305442828125001 0.5251197578125 0.93719224375 0.479257653125 0.9559136703125001 0.48370973125 0.97188814375 0.5403288953125001 0.958617871875 0.6237862171875 0.9597548296875 0.6319918265625 1 0.703767515625 1
3 0.9662575421874999 1 0.97218736875 0.9151995312500001 0.9292681187499999 0.8918362234374999 0.8585003062500001 0.7490518953125 0.8209050890625 0.7291935109375001 0.7853179203125 0.7204397515625 0.75461880625 0.7214256921875 0.71994974375 0.7393634953125 0.7097376546875 0.7261188734374999 0.7116534062500001 0.6589012703125 0.8055869546875 0.709326578125 0.8931693703124999 0.731114090625 0.9130024265625 0.7262356921875 0.9138282343749999 0.674605028125 0.873960828125 0.6075982921875 0.78725036875 0.573341228125 0.7374811609374999 0.5682947109375001 0.7090080875 0.5772678875 0.6832431796875 0.6271546406249999 0.64824713125 0.649768525 0.615711809375 0.5973713390625 0.581105590625 0.5745893359375 0.590072590625 0.5658184765625001 0.6346267609375 0.5658013765625001 0.630019540625 0.5122244828125 0.588299228125 0.47171554374999997 0.51657991875 0.46200149375 0.5078309078125 0.467654965625 0.5102120890624999 0.513244621875 0.474889059375 0.5405345890625 0.42989891093750005 0.5467864640625 0.399027959375 0.59005090625 0.3649038671875 0.600195240625 0.35785261875 0.541748496875 0.33910950781250004 0.5310399578125 0.30391216875 0.47689031093749995 0.26186487187499996 0.4410574515625 0.11235595625000001 0.349154365625 0.0572627140625 0.340602925 0.0116814453125 0.31548715625 0 0.482539609375 0 0.48390393125 0.11018882187500001 0.5792511984375001 0.1094258609375 0.59016205625 0.054659603125 0.5769345328125 0.0288485453125 0.587660171875 0 0.6180218 0 0.9662575421874999 0.45403771875 0.9980069531250001 0.4789768203125 0.999750865625 0.48253960781250005 1 0.705905009375 1 0.7050174984375001 0.9529045500000001 0.7221885390625 0.9462736890624999 0.777935746875 0.9454729671875001 0.8372263562500001 1 0.9662575421874999 1