0 0.16944444375 0.7515625 0.26944444375 0.8046875 0.2833333328125 0.83125 0.28055555625 0.884375 0.2916666671875 0.9046875 0.3583333328125 0.85 0.3888888890625 0.8125 0.40555555625000006 0.771875 0.397222221875 0.69375 0.372222221875 0.665625 0.35 0.6578125 0.34444444375 0.7078125 0.33055555625 0.7203125 0.302777778125 0.6859375 0.2 0.646875 0.1583333328125 0.6453125 0.13333333281249998 0.6828125 0.1361111109375 0.7203125 0.16944444375 0.7515625
0 0.48055555625 1 0.4916666671875 0.9640625 0.48333333281249996 0.8625 0.46944444374999994 0.8453125 0.44166666718750003 0.83125 0.38055555625 0.825 0.33055555625 0.878125 0.2916666671875 0.9015625 0.27777777812500004 0.88125 0.272222221875 0.83125 0.25 0.834375 0.23333333281250002 0.846875 0.20555555625 0.90625 0.20555555625 0.9671875 0.225 1 0.48055555625 1
0 0.3583333328125 0.625 0.3638888890625 0.6296875 0.38333333281250004 0.6265625 0.477777778125 0.553125 0.55 0.540625 0.6 0.5515625 0.6416666671875 0.55 0.6361111109375 0.521875 0.61944444375 0.5046875 0.5388888890625 0.4640625 0.5111111109375 0.4578125 0.5111111109375 0.509375 0.475 0.54375 0.3583333328125 0.625
0 0.447222221875 0.6125 0.5111111109375 0.6484375 0.5361111109375 0.6828125 0.43055555625 0.6609375 0.4361111109375 0.6703125 0.48055555625 0.696875 0.5333333328125 0.70625 0.5638888890625 0.703125 0.5583333328125 0.734375 0.6083333328125 0.790625 0.65 0.8015625 0.70555555625 0.80625 0.6916666671875 0.7859375 0.65 0.765625 0.6555555562500001 0.759375 0.727777778125 0.746875 0.725 0.7375 0.70555555625 0.7296875 0.65 0.725 0.702777778125 0.7203125 0.7 0.7078125 0.6416666671875 0.6765625 0.602777778125 0.6703125 0.602777778125 0.6609375 0.525 0.6109375 0.475 0.58125 0.447222221875 0.5734375 0.43055555625 0.584375 0.43055555625 0.5953125 0.447222221875 0.6125
0 0 0.928125 0.0111111109375 0.9296875 0.0333333328125 0.9265625 0.0333333328125 0.9125 0.10833333281249999 0.8453125 0.1611111109375 0.759375 0.13333333281249998 0.7109375 0.147222221875 0.640625 0.127777778125 0.628125 0.08055555625000001 0.6203125 0.061111110937500004 0.60625 0.0388888890625 0.6171875 0.0111111109375 0.6140625 0 0.61875 0 0.928125
0 0.019444443750000002 0.9453125 0.04444444375 0.9625 0.1166666671875 0.96875 0.1416666671875 0.9828125 0.15277777812499999 0.971875 0.172222221875 0.9765625 0.18055555625 0.9703125 0.20833333281250002 0.971875 0.2166666671875 0.884375 0.2388888890625 0.846875 0.25833333281250004 0.8328125 0.21111111093749999 0.7796875 0.1888888890625 0.7671875 0.1666666671875 0.7640625 0.10833333281249999 0.84375 0.0333333328125 0.9109375 0.019444443750000002 0.9453125
0 0.752777778125 0.775 0.7916666671875 0.815625 0.8388888890624999 0.8390625 0.95 0.8578125 0.9333333328125001 0.8125 0.875 0.725 0.827777778125 0.703125 0.76944444375 0.7 0.7388888890625 0.7203125 0.7333333328125 0.7375 0.752777778125 0.775
0 0.013888889062500001 0.3984375 0.027777778125000003 0.428125 0.055555556250000006 0.41875 0.10555555624999999 0.4140625 0.1888888890625 0.434375 0.20555555625 0.4328125 0.15277777812499999 0.396875 0.09444444375 0.3765625 0.06944444375 0.3765625 0.0416666671875 0.3890625 0.025 0.3890625 0.013888889062500001 0.3984375
0 0.1583333328125 1 0.1666666671875 0.9859375 0.12222222187500001 0.9671875 0.097222221875 0.965625 0.0638888890625 1 0.1583333328125 1
0 0.7416666671875001 1 0.727777778125 0.9390625 0.7333333328125 0.9265625 0.702777778125 0.9140625 0.6833333328125 0.9140625 0.6555555562500001 0.925 0.6166666671875001 0.9234375 0.5555555562500001 0.934375 0.5111111109375 0.95625 0.5166666671875 0.971875 0.5722222218749999 0.9546875 0.6555555562500001 0.95 0.66944444375 1 0.7416666671875001 1
3 1 0.88125 0.95555555625 0.8609375 0.875 0.7234375 0.8361111109375001 0.70625 0.8 0.7 0.76944444375 0.703125 0.7361111109375 0.7234375 0.725 0.7109375 0.722222221875 0.64375 0.8194444437499999 0.6875 0.9083333328125001 0.703125 0.9277777781250001 0.696875 0.925 0.6453125 0.88055555625 0.58125 0.7916666671875 0.553125 0.7416666671875001 0.5515625 0.7138888890625 0.5625 0.6916666671875 0.6140625 0.6583333328125 0.6390625 0.622222221875 0.5890625 0.5861111109375 0.56875 0.5944444437499999 0.559375 0.6388888890625 0.55625 0.63055555625 0.503125 0.5861111109375 0.465625 0.5138888890625 0.4609375 0.50555555625 0.4671875 0.5111111109375 0.5125 0.477777778125 0.5421875 0.43333333281249997 0.5515625 0.40555555625000006 0.596875 0.372222221875 0.609375 0.3611111109375 0.5515625 0.3416666671875 0.5421875 0.302777778125 0.490625 0.25833333281250004 0.4578125 0.102777778125 0.3765625 0.047222221875 0.371875 0 0.35 0 0.51875 0.1166666671875 0.60625 0.1166666671875 0.6171875 0.061111110937500004 0.6078125 0.0361111109375 0.6203125 0 0.6640625 0 1 0.4888888890625 1 0.5138888890625 1 0.7416666671875001 1 0.7361111109375 0.9375 0.752777778125 0.9296875 0.8083333328125001 0.925 0.89444444375 0.99375 0.9111111109375001 1 1 1 1 0.88125