0 0.36207553125 0.801626871875 0.382219478125 0.7626090578125 0.380726896875 0.6840550484375 0.358273284375 0.6538581796875 0.3368165296875 0.6441386140625001 0.32692432656250003 0.69346415 0.31199884375 0.7047060875 0.28732274687500003 0.668040903125 0.188340590625 0.6201693734375 0.146968659375 0.6149813296875 0.1187954515625 0.6501597375 0.11829431875 0.6877591375 0.148777190625 0.7217954140625 0.2437665125 0.78343383125 0.255287475 0.81110575 0.2478901203125 0.8637864937499999 0.2571885984375 0.8849900953125 0.3283679078125 0.83632108125 0.36207553125 0.801626871875
0 0.298244578125 0.8619180640625 0.2574609609375 0.8818769874999999 0.2453952734375 0.8604312859375 0.2442186453125 0.8101373515624999 0.2218086234375 0.8113136671875001 0.20411593125 0.8223135046875001 0.1712689859375 0.879041571875 0.1659579328125 0.9397471859375001 0.18246858593749998 0.9741295203125 0.4370516765625 0.9964026546874999 0.45125266562500005 0.9615703046874999 0.45180279843750004 0.8596679828125 0.43946474999999996 0.8413353890625 0.413018303125 0.8249054093750001 0.35268446249999996 0.8133530078125 0.298244578125 0.8619180640625
0 0.6367697953125 0.5621567984375 0.6336866359375 0.5336546234374999 0.6185813796875 0.5150799312500001 0.5418730640625 0.46758864375 0.5147457125 0.4589414328125 0.5102517453125001 0.5103077218750001 0.47128206875 0.541404625 0.34797795 0.6121772734375 0.353103821875 0.617331134375 0.3727466359375 0.615912721875 0.4732321921875 0.5509860484375 0.5462690328125 0.544828196875 0.5951255015625 0.5600818640624999 0.6367697953125 0.5621567984375
0 0.5152306171875 0.7083703484375 0.5459422625 0.70792033125 0.5376842296875 0.7385672171875 0.5825914546875001 0.79896095625 0.6231463015625 0.813488325 0.678081909375 0.8229999734375 0.666016221875 0.801554271875 0.6262784609375001 0.777687578125 0.6323576 0.771945559375 0.705394440625 0.7657877078124999 0.70344431875 0.7562062828125 0.6847547703125 0.7467288171875001 0.6298191625 0.73721716875 0.6828046484375 0.7371473921875 0.6811268875 0.724452859375 0.625739146875 0.6882376906250001 0.587542965625 0.6786220828125 0.58836005 0.6692827578125 0.5152360265625 0.6126942421875 0.46801372812500003 0.578761925 0.4410225578125 0.5685581609375 0.42346604687499995 0.5780014453125 0.42251278125 0.588897325 0.4376180359375 0.6074720171875 0.49813165000000004 0.648841046875 0.5200405375 0.685264134375 0.4167931859375 0.6542726015625 0.42151051562499997 0.6640961265625 0.4634707609375 0.6944311359374999 0.5152306171875 0.7083703484375
0 0 0.869626021875 0.079727775 0.8098624828125001 0.13979466406250002 0.7288518875000001 0.1163441953125 0.6781777140624999 0.136308371875 0.6093432703125 0.1180273671875 0.5951961421874999 0.07166574375 0.5832976828125 0.05352091875 0.5675939999999999 0.030429992187499998 0.576553084375 0.003030278125 0.5710189828125001 0 0.5719961984374999 0 0.869626021875
0 0 0.91619673125 0.0058684390625 0.921035765625 0.0772711125 0.9335565640624999 0.10095035156250001 0.9497444453125 0.11297244687500001 0.9398169624999999 0.13193435625 0.9461813203125 0.140780703125 0.9406814015625 0.168316596875 0.9446589484375 0.184244346875 0.8582182093749999 0.209650346875 0.8227977031249999 0.2302464265625 0.810483409375 0.1878340484375 0.7534448796875 0.16678583593750002 0.7390556515625 0.1449205375 0.7340057484375 0.07986395625 0.808305928125 0 0.868171546875 0 0.91619673125
0 0.808826975 0.7309197640625 0.7509879781250001 0.7227225703125 0.7187783453125001 0.7402946828125 0.711745940625 0.75693258125 0.727848053125 0.7959845765625 0.7630482562500001 0.8398443765625 0.8080480703124999 0.867308378125 0.9171022000000001 0.8956709999999999 0.9044481984375 0.84907833125 0.8539629703125 0.7568272109375 0.808826975 0.7309197640625
0 0.163087 0.3670050109375 0.1067459921875 0.341685721875 0.081841125 0.339506828125 0.053079604687500004 0.34953826875 0.036476359375 0.3480856734375 0.02459044375 0.35645660156250003 0.0358390453125 0.387241628125 0.06432820624999999 0.38032329531250003 0.11454648281249999 0.3800114203125 0.19579235625 0.407509603125 0.21253178281250001 0.40740564375000005 0.163087 0.3670050109375
0 0.1255828578125 0.9550364468750001 0.08294170625 0.9324842078125 0.058173020312500004 0.9287487593750001 0.0219705515625 0.9600877609375 0.11605560625 0.9683191375 0.1255828578125 0.9550364468750001
0 0.69453111875 1 0.688644196875 0.9572438765625 0.6952680578125 0.945275640625 0.6659182234375 0.9301601156249999 0.64654776875 0.9284654203124999 0.6179224296875 0.93694030625 0.57931770625 0.9319943625 0.517485875 0.9375640578125 0.471304021875 0.955482228125 0.47547662968750004 0.9715319687499999 0.5323187671875 0.9592518578125 0.6157435359375001 0.9618451734375 0.622831721875 1 0.69453111875 1
3 0.9581655874999999 1 0.964869221875 0.9233771000000001 0.9223642546875 0.89926830625 0.85409915 0.75527065625 0.8168562343750001 0.7347591703125 0.7814272609375 0.7253856625 0.750715615625 0.7258356781249999 0.7157387749999999 0.7431656921875 0.7057593921875001 0.7297448609375 0.7088479609375 0.66257093125 0.8018871593749999 0.7146279234375 0.8890759906250001 0.7379406421875 0.9089911671875001 0.7334091218750001 0.910717928125 0.6818007328125 0.8720260234375001 0.6141084218749999 0.7859266390624999 0.5783432687500001 0.736253084375 0.5724289265625 0.70762774375 0.5809038140625 0.680996115625 0.6303333078125 0.64561073125 0.652332984375 0.6139948203125 0.599375959375 0.5797914750000001 0.5759934640625 0.5889101812499999 0.5673804359375 0.6334578640624999 0.568140915625 0.629786390625 0.514491775 0.5887794109375 0.47326088437499997 0.517240559375 0.462296640625 0.5083942140625 0.467796559375 0.5099793828125 0.51342083125 0.47418545781250004 0.5400901703125001 0.4290930515625 0.54555590625 0.39747173281250003 0.5882749859375 0.3631757953125 0.597822228125 0.35714565781249996 0.539261325 0.33859229062499996 0.5282273046875 0.304345353125 0.473471625 0.2629298296875 0.4369103984375 0.11504761562500002 0.34241201875 0.0601120078125 0.3329003703125 0.0149760125 0.3069929234375 0.00026848125 0.47510077968750003 0.10886506874999999 0.5724359859375 0.107911803125 0.5833318640625 0.0533847375 0.569150553125 0.0273904234375 0.5794240937499999 0 0.6072616296875 0 0.9581655874999999 0.44535329843750004 0.9971289515624999 0.47025816562499995 0.9993078453124999 0.47816952968750004 1 0.697142559375 1 0.697082 0.9564136203125001 0.7143661484375 0.95008344375 0.770118840625 0.9502557671874999 0.8223491968750001 1 0.9581655874999999 1